20050630212454 2 6 400 2047 5 E7B23B03912A26C3B075625F542E3BFB015B73F3F0C5A5C95948EA4BE326220E57780C27C6F1318AF960D8B0C9FBE641B6728770C86D7532C8E5EBA1493F96A054EA85EC92DAFCF8C41F0C474C9C7D008EE21B6CF74722E1D0765768787213E937A6C996A490CD5FDFB2B4F2AADAED0721AAE273D2E85F1ABA86B33063490446065FB88144B3C0270728E6DF8C2B80E421A63881FF61328F7DA118AE9B19F5755D78EE5B31E1B1BD8E967F92FBE66007DABF2FC1186DE0F3D313773AEE684869D22CEFEC53EC990D7991B363DDFAF98350A92029E2EF6C9F23073D021CC99325CFC0F31531274E32E527594F6771FC9306D9D0DDC6AD2D1CC592CC4A8B8FEE1F
20050630212631 2 6 400 2047 5 E7B23B03912A26C3B075625F542E3BFB015B73F3F0C5A5C95948EA4BE326220E57780C27C6F1318AF960D8B0C9FBE641B6728770C86D7532C8E5EBA1493F96A054EA85EC92DAFCF8C41F0C474C9C7D008EE21B6CF74722E1D0765768787213E937A6C996A490CD5FDFB2B4F2AADAED0721AAE273D2E85F1ABA86B33063490446065FB88144B3C0270728E6DF8C2B80E421A63881FF61328F7DA118AE9B19F5755D78EE5B31E1B1BD8E967F92FBE66007DABF2FC1186DE0F3D313773AEE684869D22CEFEC53EC990D7991B363DDFAF98350A92029E2EF6C9F23073D021CC99325CFC0F31531274E32E527594F6771FC9306D9D0DDC6AD2D1CC592CC4A8B971167
20050630212801 2 6 400 2047 5 E7B23B03912A26C3B075625F542E3BFB015B73F3F0C5A5C95948EA4BE326220E57780C27C6F1318AF960D8B0C9FBE641B6728770C86D7532C8E5EBA1493F96A054EA85EC92DAFCF8C41F0C474C9C7D008EE21B6CF74722E1D0765768787213E937A6C996A490CD5FDFB2B4F2AADAED0721AAE273D2E85F1ABA86B33063490446065FB88144B3C0270728E6DF8C2B80E421A63881FF61328F7DA118AE9B19F5755D78EE5B31E1B1BD8E967F92FBE66007DABF2FC1186DE0F3D313773AEE684869D22CEFEC53EC990D7991B363DDFAF98350A92029E2EF6C9F23073D021CC99325CFC0F31531274E32E527594F6771FC9306D9D0DDC6AD2D1CC592CC4A8B9B8897
20050630213048 2 6 400 2047 2 E7B23B03912A26C3B075625F542E3BFB015B73F3F0C5A5C95948EA4BE326220E57780C27C6F1318AF960D8B0C9FBE641B6728770C86D7532C8E5EBA1493F96A054EA85EC92DAFCF8C41F0C474C9C7D008EE21B6CF74722E1D0765768787213E937A6C996A490CD5FDFB2B4F2AADAED0721AAE273D2E85F1ABA86B33063490446065FB88144B3C0270728E6DF8C2B80E421A63881FF61328F7DA118AE9B19F5755D78EE5B31E1B1BD8E967F92FBE66007DABF2FC1186DE0F3D313773AEE684869D22CEFEC53EC990D7991B363DDFAF98350A92029E2EF6C9F23073D021CC99325CFC0F31531274E32E527594F6771FC9306D9D0DDC6AD2D1CC592CC4A8BC2C0E3
20050630213447 2 6 400 2047 2 E7B23B03912A26C3B075625F542E3BFB015B73F3F0C5A5C95948EA4BE326220E57780C27C6F1318AF960D8B0C9FBE641B6728770C86D7532C8E5EBA1493F96A054EA85EC92DAFCF8C41F0C474C9C7D008EE21B6CF74722E1D0765768787213E937A6C996A490CD5FDFB2B4F2AADAED0721AAE273D2E85F1ABA86B33063490446065FB88144B3C0270728E6DF8C2B80E421A63881FF61328F7DA118AE9B19F5755D78EE5B31E1B1BD8E967F92FBE66007DABF2FC1186DE0F3D313773AEE684869D22CEFEC53EC990D7991B363DDFAF98350A92029E2EF6C9F23073D021CC99325CFC0F31531274E32E527594F6771FC9306D9D0DDC6AD2D1CC592CC4A8C08DFAB
20050630214015 2 6 400 2047 2 E7B23B03912A26C3B075625F542E3BFB015B73F3F0C5A5C95948EA4BE326220E57780C27C6F1318AF960D8B0C9FBE641B6728770C86D7532C8E5EBA1493F96A054EA85EC92DAFCF8C41F0C474C9C7D008EE21B6CF74722E1D0765768787213E937A6C996A490CD5FDFB2B4F2AADAED0721AAE273D2E85F1ABA86B33063490446065FB88144B3C0270728E6DF8C2B80E421A63881FF61328F7DA118AE9B19F5755D78EE5B31E1B1BD8E967F92FBE66007DABF2FC1186DE0F3D313773AEE684869D22CEFEC53EC990D7991B363DDFAF98350A92029E2EF6C9F23073D021CC99325CFC0F31531274E32E527594F6771FC9306D9D0DDC6AD2D1CC592CC4A8C7732FB
20050630214140 2 6 400 2047 5 E7B23B03912A26C3B075625F542E3BFB015B73F3F0C5A5C95948EA4BE326220E57780C27C6F1318AF960D8B0C9FBE641B6728770C86D7532C8E5EBA1493F96A054EA85EC92DAFCF8C41F0C474C9C7D008EE21B6CF74722E1D0765768787213E937A6C996A490CD5FDFB2B4F2AADAED0721AAE273D2E85F1ABA86B33063490446065FB88144B3C0270728E6DF8C2B80E421A63881FF61328F7DA118AE9B19F5755D78EE5B31E1B1BD8E967F92FBE66007DABF2FC1186DE0F3D313773AEE684869D22CEFEC53EC990D7991B363DDFAF98350A92029E2EF6C9F23073D021CC99325CFC0F31531274E32E527594F6771FC9306D9D0DDC6AD2D1CC592CC4A8C79CDAF
20050630214457 2 6 400 2047 2 E7B23B03912A26C3B075625F542E3BFB015B73F3F0C5A5C95948EA4BE326220E57780C27C6F1318AF960D8B0C9FBE641B6728770C86D7532C8E5EBA1493F96A054EA85EC92DAFCF8C41F0C474C9C7D008EE21B6CF74722E1D0765768787213E937A6C996A490CD5FDFB2B4F2AADAED0721AAE273D2E85F1ABA86B33063490446065FB88144B3C0270728E6DF8C2B80E421A63881FF61328F7DA118AE9B19F5755D78EE5B31E1B1BD8E967F92FBE66007DABF2FC1186DE0F3D313773AEE684869D22CEFEC53EC990D7991B363DDFAF98350A92029E2EF6C9F23073D021CC99325CFC0F31531274E32E527594F6771FC9306D9D0DDC6AD2D1CC592CC4A8CACC0E3
20050630214657 2 6 400 2047 5 E7B23B03912A26C3B075625F542E3BFB015B73F3F0C5A5C95948EA4BE326220E57780C27C6F1318AF960D8B0C9FBE641B6728770C86D7532C8E5EBA1493F96A054EA85EC92DAFCF8C41F0C474C9C7D008EE21B6CF74722E1D0765768787213E937A6C996A490CD5FDFB2B4F2AADAED0721AAE273D2E85F1ABA86B33063490446065FB88144B3C0270728E6DF8C2B80E421A63881FF61328F7DA118AE9B19F5755D78EE5B31E1B1BD8E967F92FBE66007DABF2FC1186DE0F3D313773AEE684869D22CEFEC53EC990D7991B363DDFAF98350A92029E2EF6C9F23073D021CC99325CFC0F31531274E32E527594F6771FC9306D9D0DDC6AD2D1CC592CC4A8CBCE3D7
20050630215026 2 6 400 2047 2 E7B23B03912A26C3B075625F542E3BFB015B73F3F0C5A5C95948EA4BE326220E57780C27C6F1318AF960D8B0C9FBE641B6728770C86D7532C8E5EBA1493F96A054EA85EC92DAFCF8C41F0C474C9C7D008EE21B6CF74722E1D0765768787213E937A6C996A490CD5FDFB2B4F2AADAED0721AAE273D2E85F1ABA86B33063490446065FB88144B3C0270728E6DF8C2B80E421A63881FF61328F7DA118AE9B19F5755D78EE5B31E1B1BD8E967F92FBE66007DABF2FC1186DE0F3D313773AEE684869D22CEFEC53EC990D7991B363DDFAF98350A92029E2EF6C9F23073D021CC99325CFC0F31531274E32E527594F6771FC9306D9D0DDC6AD2D1CC592CC4A8CF36213
20050630215601 2 6 400 2047 2 E7B23B03912A26C3B075625F542E3BFB015B73F3F0C5A5C95948EA4BE326220E57780C27C6F1318AF960D8B0C9FBE641B6728770C86D7532C8E5EBA1493F96A054EA85EC92DAFCF8C41F0C474C9C7D008EE21B6CF74722E1D0765768787213E937A6C996A490CD5FDFB2B4F2AADAED0721AAE273D2E85F1ABA86B33063490446065FB88144B3C0270728E6DF8C2B80E421A63881FF61328F7DA118AE9B19F5755D78EE5B31E1B1BD8E967F92FBE66007DABF2FC1186DE0F3D313773AEE684869D22CEFEC53EC990D7991B363DDFAF98350A92029E2EF6C9F23073D021CC99325CFC0F31531274E32E527594F6771FC9306D9D0DDC6AD2D1CC592CC4A8D5FA473
20050630215958 2 6 400 2047 5 E7B23B03912A26C3B075625F542E3BFB015B73F3F0C5A5C95948EA4BE326220E57780C27C6F1318AF960D8B0C9FBE641B6728770C86D7532C8E5EBA1493F96A054EA85EC92DAFCF8C41F0C474C9C7D008EE21B6CF74722E1D0765768787213E937A6C996A490CD5FDFB2B4F2AADAED0721AAE273D2E85F1ABA86B33063490446065FB88144B3C0270728E6DF8C2B80E421A63881FF61328F7DA118AE9B19F5755D78EE5B31E1B1BD8E967F92FBE66007DABF2FC1186DE0F3D313773AEE684869D22CEFEC53EC990D7991B363DDFAF98350A92029E2EF6C9F23073D021CC99325CFC0F31531274E32E527594F6771FC9306D9D0DDC6AD2D1CC592CC4A8D8DB4EF
20050630220323 2 6 400 2047 2 E7B23B03912A26C3B075625F542E3BFB015B73F3F0C5A5C95948EA4BE326220E57780C27C6F1318AF960D8B0C9FBE641B6728770C86D7532C8E5EBA1493F96A054EA85EC92DAFCF8C41F0C474C9C7D008EE21B6CF74722E1D0765768787213E937A6C996A490CD5FDFB2B4F2AADAED0721AAE273D2E85F1ABA86B33063490446065FB88144B3C0270728E6DF8C2B80E421A63881FF61328F7DA118AE9B19F5755D78EE5B31E1B1BD8E967F92FBE66007DABF2FC1186DE0F3D313773AEE684869D22CEFEC53EC990D7991B363DDFAF98350A92029E2EF6C9F23073D021CC99325CFC0F31531274E32E527594F6771FC9306D9D0DDC6AD2D1CC592CC4A8D919163
20050630220725 2 6 400 2047 5 E7B23B03912A26C3B075625F542E3BFB015B73F3F0C5A5C95948EA4BE326220E57780C27C6F1318AF960D8B0C9FBE641B6728770C86D7532C8E5EBA1493F96A054EA85EC92DAFCF8C41F0C474C9C7D008EE21B6CF74722E1D0765768787213E937A6C996A490CD5FDFB2B4F2AADAED0721AAE273D2E85F1ABA86B33063490446065FB88144B3C0270728E6DF8C2B80E421A63881FF61328F7DA118AE9B19F5755D78EE5B31E1B1BD8E967F92FBE66007DABF2FC1186DE0F3D313773AEE684869D22CEFEC53EC990D7991B363DDFAF98350A92029E2EF6C9F23073D021CC99325CFC0F31531274E32E527594F6771FC9306D9D0DDC6AD2D1CC592CC4A8DDAED87
20050630221148 2 6 400 2047 2 E7B23B03912A26C3B075625F542E3BFB015B73F3F0C5A5C95948EA4BE326220E57780C27C6F1318AF960D8B0C9FBE641B6728770C86D7532C8E5EBA1493F96A054EA85EC92DAFCF8C41F0C474C9C7D008EE21B6CF74722E1D0765768787213E937A6C996A490CD5FDFB2B4F2AADAED0721AAE273D2E85F1ABA86B33063490446065FB88144B3C0270728E6DF8C2B80E421A63881FF61328F7DA118AE9B19F5755D78EE5B31E1B1BD8E967F92FBE66007DABF2FC1186DE0F3D313773AEE684869D22CEFEC53EC990D7991B363DDFAF98350A92029E2EF6C9F23073D021CC99325CFC0F31531274E32E527594F6771FC9306D9D0DDC6AD2D1CC592CC4A8E2CCC23
20050630221407 2 6 400 2047 5 E7B23B03912A26C3B075625F542E3BFB015B73F3F0C5A5C95948EA4BE326220E57780C27C6F1318AF960D8B0C9FBE641B6728770C86D7532C8E5EBA1493F96A054EA85EC92DAFCF8C41F0C474C9C7D008EE21B6CF74722E1D0765768787213E937A6C996A490CD5FDFB2B4F2AADAED0721AAE273D2E85F1ABA86B33063490446065FB88144B3C0270728E6DF8C2B80E421A63881FF61328F7DA118AE9B19F5755D78EE5B31E1B1BD8E967F92FBE66007DABF2FC1186DE0F3D313773AEE684869D22CEFEC53EC990D7991B363DDFAF98350A92029E2EF6C9F23073D021CC99325CFC0F31531274E32E527594F6771FC9306D9D0DDC6AD2D1CC592CC4A8E46E127
20050630222152 2 6 400 2047 5 E7B23B03912A26C3B075625F542E3BFB015B73F3F0C5A5C95948EA4BE326220E57780C27C6F1318AF960D8B0C9FBE641B6728770C86D7532C8E5EBA1493F96A054EA85EC92DAFCF8C41F0C474C9C7D008EE21B6CF74722E1D0765768787213E937A6C996A490CD5FDFB2B4F2AADAED0721AAE273D2E85F1ABA86B33063490446065FB88144B3C0270728E6DF8C2B80E421A63881FF61328F7DA118AE9B19F5755D78EE5B31E1B1BD8E967F92FBE66007DABF2FC1186DE0F3D313773AEE684869D22CEFEC53EC990D7991B363DDFAF98350A92029E2EF6C9F23073D021CC99325CFC0F31531274E32E527594F6771FC9306D9D0DDC6AD2D1CC592CC4A8EE4A8F7
20050630222849 2 6 400 2047 5 E7B23B03912A26C3B075625F542E3BFB015B73F3F0C5A5C95948EA4BE326220E57780C27C6F1318AF960D8B0C9FBE641B6728770C86D7532C8E5EBA1493F96A054EA85EC92DAFCF8C41F0C474C9C7D008EE21B6CF74722E1D0765768787213E937A6C996A490CD5FDFB2B4F2AADAED0721AAE273D2E85F1ABA86B33063490446065FB88144B3C0270728E6DF8C2B80E421A63881FF61328F7DA118AE9B19F5755D78EE5B31E1B1BD8E967F92FBE66007DABF2FC1186DE0F3D313773AEE684869D22CEFEC53EC990D7991B363DDFAF98350A92029E2EF6C9F23073D021CC99325CFC0F31531274E32E527594F6771FC9306D9D0DDC6AD2D1CC592CC4A8F1FB267
20050630223401 2 6 400 2047 5 E7B23B03912A26C3B075625F542E3BFB015B73F3F0C5A5C95948EA4BE326220E57780C27C6F1318AF960D8B0C9FBE641B6728770C86D7532C8E5EBA1493F96A054EA85EC92DAFCF8C41F0C474C9C7D008EE21B6CF74722E1D0765768787213E937A6C996A490CD5FDFB2B4F2AADAED0721AAE273D2E85F1ABA86B33063490446065FB88144B3C0270728E6DF8C2B80E421A63881FF61328F7DA118AE9B19F5755D78EE5B31E1B1BD8E967F92FBE66007DABF2FC1186DE0F3D313773AEE684869D22CEFEC53EC990D7991B363DDFAF98350A92029E2EF6C9F23073D021CC99325CFC0F31531274E32E527594F6771FC9306D9D0DDC6AD2D1CC592CC4A8F31A2BF
20050630224538 2 6 400 2047 2 E7B23B03912A26C3B075625F542E3BFB015B73F3F0C5A5C95948EA4BE326220E57780C27C6F1318AF960D8B0C9FBE641B6728770C86D7532C8E5EBA1493F96A054EA85EC92DAFCF8C41F0C474C9C7D008EE21B6CF74722E1D0765768787213E937A6C996A490CD5FDFB2B4F2AADAED0721AAE273D2E85F1ABA86B33063490446065FB88144B3C0270728E6DF8C2B80E421A63881FF61328F7DA118AE9B19F5755D78EE5B31E1B1BD8E967F92FBE66007DABF2FC1186DE0F3D313773AEE684869D22CEFEC53EC990D7991B363DDFAF98350A92029E2EF6C9F23073D021CC99325CFC0F31531274E32E527594F6771FC9306D9D0DDC6AD2D1CC592CC4A8FA8B343
20050630224952 2 6 400 2047 2 E7B23B03912A26C3B075625F542E3BFB015B73F3F0C5A5C95948EA4BE326220E57780C27C6F1318AF960D8B0C9FBE641B6728770C86D7532C8E5EBA1493F96A054EA85EC92DAFCF8C41F0C474C9C7D008EE21B6CF74722E1D0765768787213E937A6C996A490CD5FDFB2B4F2AADAED0721AAE273D2E85F1ABA86B33063490446065FB88144B3C0270728E6DF8C2B80E421A63881FF61328F7DA118AE9B19F5755D78EE5B31E1B1BD8E967F92FBE66007DABF2FC1186DE0F3D313773AEE684869D22CEFEC53EC990D7991B363DDFAF98350A92029E2EF6C9F23073D021CC99325CFC0F31531274E32E527594F6771FC9306D9D0DDC6AD2D1CC592CC4A8FB4F07B
20050630225754 2 6 400 2047 2 E7B23B03912A26C3B075625F542E3BFB015B73F3F0C5A5C95948EA4BE326220E57780C27C6F1318AF960D8B0C9FBE641B6728770C86D7532C8E5EBA1493F96A054EA85EC92DAFCF8C41F0C474C9C7D008EE21B6CF74722E1D0765768787213E937A6C996A490CD5FDFB2B4F2AADAED0721AAE273D2E85F1ABA86B33063490446065FB88144B3C0270728E6DF8C2B80E421A63881FF61328F7DA118AE9B19F5755D78EE5B31E1B1BD8E967F92FBE66007DABF2FC1186DE0F3D313773AEE684869D22CEFEC53EC990D7991B363DDFAF98350A92029E2EF6C9F23073D021CC99325CFC0F31531274E32E527594F6771FC9306D9D0DDC6AD2D1CC592CC4A8FE77083
20050630230049 2 6 400 2047 2 E7B23B03912A26C3B075625F542E3BFB015B73F3F0C5A5C95948EA4BE326220E57780C27C6F1318AF960D8B0C9FBE641B6728770C86D7532C8E5EBA1493F96A054EA85EC92DAFCF8C41F0C474C9C7D008EE21B6CF74722E1D0765768787213E937A6C996A490CD5FDFB2B4F2AADAED0721AAE273D2E85F1ABA86B33063490446065FB88144B3C0270728E6DF8C2B80E421A63881FF61328F7DA118AE9B19F5755D78EE5B31E1B1BD8E967F92FBE66007DABF2FC1186DE0F3D313773AEE684869D22CEFEC53EC990D7991B363DDFAF98350A92029E2EF6C9F23073D021CC99325CFC0F31531274E32E527594F6771FC9306D9D0DDC6AD2D1CC592CC4A8FEB00CB
20050630230649 2 6 400 2047 5 E7B23B03912A26C3B075625F542E3BFB015B73F3F0C5A5C95948EA4BE326220E57780C27C6F1318AF960D8B0C9FBE641B6728770C86D7532C8E5EBA1493F96A054EA85EC92DAFCF8C41F0C474C9C7D008EE21B6CF74722E1D0765768787213E937A6C996A490CD5FDFB2B4F2AADAED0721AAE273D2E85F1ABA86B33063490446065FB88144B3C0270728E6DF8C2B80E421A63881FF61328F7DA118AE9B19F5755D78EE5B31E1B1BD8E967F92FBE66007DABF2FC1186DE0F3D313773AEE684869D22CEFEC53EC990D7991B363DDFAF98350A92029E2EF6C9F23073D021CC99325CFC0F31531274E32E527594F6771FC9306D9D0DDC6AD2D1CC592CC4A901FEA97
20050630231237 2 6 400 2047 2 E7B23B03912A26C3B075625F542E3BFB015B73F3F0C5A5C95948EA4BE326220E57780C27C6F1318AF960D8B0C9FBE641B6728770C86D7532C8E5EBA1493F96A054EA85EC92DAFCF8C41F0C474C9C7D008EE21B6CF74722E1D0765768787213E937A6C996A490CD5FDFB2B4F2AADAED0721AAE273D2E85F1ABA86B33063490446065FB88144B3C0270728E6DF8C2B80E421A63881FF61328F7DA118AE9B19F5755D78EE5B31E1B1BD8E967F92FBE66007DABF2FC1186DE0F3D313773AEE684869D22CEFEC53EC990D7991B363DDFAF98350A92029E2EF6C9F23073D021CC99325CFC0F31531274E32E527594F6771FC9306D9D0DDC6AD2D1CC592CC4A90352B9B
20050630231738 2 6 400 2047 2 E7B23B03912A26C3B075625F542E3BFB015B73F3F0C5A5C95948EA4BE326220E57780C27C6F1318AF960D8B0C9FBE641B6728770C86D7532C8E5EBA1493F96A054EA85EC92DAFCF8C41F0C474C9C7D008EE21B6CF74722E1D0765768787213E937A6C996A490CD5FDFB2B4F2AADAED0721AAE273D2E85F1ABA86B33063490446065FB88144B3C0270728E6DF8C2B80E421A63881FF61328F7DA118AE9B19F5755D78EE5B31E1B1BD8E967F92FBE66007DABF2FC1186DE0F3D313773AEE684869D22CEFEC53EC990D7991B363DDFAF98350A92029E2EF6C9F23073D021CC99325CFC0F31531274E32E527594F6771FC9306D9D0DDC6AD2D1CC592CC4A903B8E0B
20050630232825 2 6 400 2047 5 E7B23B03912A26C3B075625F542E3BFB015B73F3F0C5A5C95948EA4BE326220E57780C27C6F1318AF960D8B0C9FBE641B6728770C86D7532C8E5EBA1493F96A054EA85EC92DAFCF8C41F0C474C9C7D008EE21B6CF74722E1D0765768787213E937A6C996A490CD5FDFB2B4F2AADAED0721AAE273D2E85F1ABA86B33063490446065FB88144B3C0270728E6DF8C2B80E421A63881FF61328F7DA118AE9B19F5755D78EE5B31E1B1BD8E967F92FBE66007DABF2FC1186DE0F3D313773AEE684869D22CEFEC53EC990D7991B363DDFAF98350A92029E2EF6C9F23073D021CC99325CFC0F31531274E32E527594F6771FC9306D9D0DDC6AD2D1CC592CC4A906BA077
20050630233527 2 6 400 2047 2 E7B23B03912A26C3B075625F542E3BFB015B73F3F0C5A5C95948EA4BE326220E57780C27C6F1318AF960D8B0C9FBE641B6728770C86D7532C8E5EBA1493F96A054EA85EC92DAFCF8C41F0C474C9C7D008EE21B6CF74722E1D0765768787213E937A6C996A490CD5FDFB2B4F2AADAED0721AAE273D2E85F1ABA86B33063490446065FB88144B3C0270728E6DF8C2B80E421A63881FF61328F7DA118AE9B19F5755D78EE5B31E1B1BD8E967F92FBE66007DABF2FC1186DE0F3D313773AEE684869D22CEFEC53EC990D7991B363DDFAF98350A92029E2EF6C9F23073D021CC99325CFC0F31531274E32E527594F6771FC9306D9D0DDC6AD2D1CC592CC4A9081C3E3
20050630234024 2 6 400 2047 2 E7B23B03912A26C3B075625F542E3BFB015B73F3F0C5A5C95948EA4BE326220E57780C27C6F1318AF960D8B0C9FBE641B6728770C86D7532C8E5EBA1493F96A054EA85EC92DAFCF8C41F0C474C9C7D008EE21B6CF74722E1D0765768787213E937A6C996A490CD5FDFB2B4F2AADAED0721AAE273D2E85F1ABA86B33063490446065FB88144B3C0270728E6DF8C2B80E421A63881FF61328F7DA118AE9B19F5755D78EE5B31E1B1BD8E967F92FBE66007DABF2FC1186DE0F3D313773AEE684869D22CEFEC53EC990D7991B363DDFAF98350A92029E2EF6C9F23073D021CC99325CFC0F31531274E32E527594F6771FC9306D9D0DDC6AD2D1CC592CC4A9082B63B
20050630234342 2 6 400 2047 2 E7B23B03912A26C3B075625F542E3BFB015B73F3F0C5A5C95948EA4BE326220E57780C27C6F1318AF960D8B0C9FBE641B6728770C86D7532C8E5EBA1493F96A054EA85EC92DAFCF8C41F0C474C9C7D008EE21B6CF74722E1D0765768787213E937A6C996A490CD5FDFB2B4F2AADAED0721AAE273D2E85F1ABA86B33063490446065FB88144B3C0270728E6DF8C2B80E421A63881FF61328F7DA118AE9B19F5755D78EE5B31E1B1BD8E967F92FBE66007DABF2FC1186DE0F3D313773AEE684869D22CEFEC53EC990D7991B363DDFAF98350A92029E2EF6C9F23073D021CC99325CFC0F31531274E32E527594F6771FC9306D9D0DDC6AD2D1CC592CC4A9086EC5B
20050630234800 2 6 400 2047 2 E7B23B03912A26C3B075625F542E3BFB015B73F3F0C5A5C95948EA4BE326220E57780C27C6F1318AF960D8B0C9FBE641B6728770C86D7532C8E5EBA1493F96A054EA85EC92DAFCF8C41F0C474C9C7D008EE21B6CF74722E1D0765768787213E937A6C996A490CD5FDFB2B4F2AADAED0721AAE273D2E85F1ABA86B33063490446065FB88144B3C0270728E6DF8C2B80E421A63881FF61328F7DA118AE9B19F5755D78EE5B31E1B1BD8E967F92FBE66007DABF2FC1186DE0F3D313773AEE684869D22CEFEC53EC990D7991B363DDFAF98350A92029E2EF6C9F23073D021CC99325CFC0F31531274E32E527594F6771FC9306D9D0DDC6AD2D1CC592CC4A9092DC0B
20050630235403 2 6 400 2047 5 E7B23B03912A26C3B075625F542E3BFB015B73F3F0C5A5C95948EA4BE326220E57780C27C6F1318AF960D8B0C9FBE641B6728770C86D7532C8E5EBA1493F96A054EA85EC92DAFCF8C41F0C474C9C7D008EE21B6CF74722E1D0765768787213E937A6C996A490CD5FDFB2B4F2AADAED0721AAE273D2E85F1ABA86B33063490446065FB88144B3C0270728E6DF8C2B80E421A63881FF61328F7DA118AE9B19F5755D78EE5B31E1B1BD8E967F92FBE66007DABF2FC1186DE0F3D313773AEE684869D22CEFEC53EC990D7991B363DDFAF98350A92029E2EF6C9F23073D021CC99325CFC0F31531274E32E527594F6771FC9306D9D0DDC6AD2D1CC592CC4A90B4BD2F
20050701000343 2 6 400 2047 2 E7B23B03912A26C3B075625F542E3BFB015B73F3F0C5A5C95948EA4BE326220E57780C27C6F1318AF960D8B0C9FBE641B6728770C86D7532C8E5EBA1493F96A054EA85EC92DAFCF8C41F0C474C9C7D008EE21B6CF74722E1D0765768787213E937A6C996A490CD5FDFB2B4F2AADAED0721AAE273D2E85F1ABA86B33063490446065FB88144B3C0270728E6DF8C2B80E421A63881FF61328F7DA118AE9B19F5755D78EE5B31E1B1BD8E967F92FBE66007DABF2FC1186DE0F3D313773AEE684869D22CEFEC53EC990D7991B363DDFAF98350A92029E2EF6C9F23073D021CC99325CFC0F31531274E32E527594F6771FC9306D9D0DDC6AD2D1CC592CC4A90FF357B
20050701001238 2 6 400 2047 5 E7B23B03912A26C3B075625F542E3BFB015B73F3F0C5A5C95948EA4BE326220E57780C27C6F1318AF960D8B0C9FBE641B6728770C86D7532C8E5EBA1493F96A054EA85EC92DAFCF8C41F0C474C9C7D008EE21B6CF74722E1D0765768787213E937A6C996A490CD5FDFB2B4F2AADAED0721AAE273D2E85F1ABA86B33063490446065FB88144B3C0270728E6DF8C2B80E421A63881FF61328F7DA118AE9B19F5755D78EE5B31E1B1BD8E967F92FBE66007DABF2FC1186DE0F3D313773AEE684869D22CEFEC53EC990D7991B363DDFAF98350A92029E2EF6C9F23073D021CC99325CFC0F31531274E32E527594F6771FC9306D9D0DDC6AD2D1CC592CC4A9129D5BF
20050701002358 2 6 400 2047 2 E7B23B03912A26C3B075625F542E3BFB015B73F3F0C5A5C95948EA4BE326220E57780C27C6F1318AF960D8B0C9FBE641B6728770C86D7532C8E5EBA1493F96A054EA85EC92DAFCF8C41F0C474C9C7D008EE21B6CF74722E1D0765768787213E937A6C996A490CD5FDFB2B4F2AADAED0721AAE273D2E85F1ABA86B33063490446065FB88144B3C0270728E6DF8C2B80E421A63881FF61328F7DA118AE9B19F5755D78EE5B31E1B1BD8E967F92FBE66007DABF2FC1186DE0F3D313773AEE684869D22CEFEC53EC990D7991B363DDFAF98350A92029E2EF6C9F23073D021CC99325CFC0F31531274E32E527594F6771FC9306D9D0DDC6AD2D1CC592CC4A917B1123
20050701003725 2 6 400 2047 2 E7B23B03912A26C3B075625F542E3BFB015B73F3F0C5A5C95948EA4BE326220E57780C27C6F1318AF960D8B0C9FBE641B6728770C86D7532C8E5EBA1493F96A054EA85EC92DAFCF8C41F0C474C9C7D008EE21B6CF74722E1D0765768787213E937A6C996A490CD5FDFB2B4F2AADAED0721AAE273D2E85F1ABA86B33063490446065FB88144B3C0270728E6DF8C2B80E421A63881FF61328F7DA118AE9B19F5755D78EE5B31E1B1BD8E967F92FBE66007DABF2FC1186DE0F3D313773AEE684869D22CEFEC53EC990D7991B363DDFAF98350A92029E2EF6C9F23073D021CC99325CFC0F31531274E32E527594F6771FC9306D9D0DDC6AD2D1CC592CC4A91DDCF3B
20050701004242 2 6 400 2047 2 E7B23B03912A26C3B075625F542E3BFB015B73F3F0C5A5C95948EA4BE326220E57780C27C6F1318AF960D8B0C9FBE641B6728770C86D7532C8E5EBA1493F96A054EA85EC92DAFCF8C41F0C474C9C7D008EE21B6CF74722E1D0765768787213E937A6C996A490CD5FDFB2B4F2AADAED0721AAE273D2E85F1ABA86B33063490446065FB88144B3C0270728E6DF8C2B80E421A63881FF61328F7DA118AE9B19F5755D78EE5B31E1B1BD8E967F92FBE66007DABF2FC1186DE0F3D313773AEE684869D22CEFEC53EC990D7991B363DDFAF98350A92029E2EF6C9F23073D021CC99325CFC0F31531274E32E527594F6771FC9306D9D0DDC6AD2D1CC592CC4A91E1D9F3
20050701004644 2 6 400 2047 2 E7B23B03912A26C3B075625F542E3BFB015B73F3F0C5A5C95948EA4BE326220E57780C27C6F1318AF960D8B0C9FBE641B6728770C86D7532C8E5EBA1493F96A054EA85EC92DAFCF8C41F0C474C9C7D008EE21B6CF74722E1D0765768787213E937A6C996A490CD5FDFB2B4F2AADAED0721AAE273D2E85F1ABA86B33063490446065FB88144B3C0270728E6DF8C2B80E421A63881FF61328F7DA118AE9B19F5755D78EE5B31E1B1BD8E967F92FBE66007DABF2FC1186DE0F3D313773AEE684869D22CEFEC53EC990D7991B363DDFAF98350A92029E2EF6C9F23073D021CC99325CFC0F31531274E32E527594F6771FC9306D9D0DDC6AD2D1CC592CC4A91E99EC3
20050701005904 2 6 400 2047 2 E7B23B03912A26C3B075625F542E3BFB015B73F3F0C5A5C95948EA4BE326220E57780C27C6F1318AF960D8B0C9FBE641B6728770C86D7532C8E5EBA1493F96A054EA85EC92DAFCF8C41F0C474C9C7D008EE21B6CF74722E1D0765768787213E937A6C996A490CD5FDFB2B4F2AADAED0721AAE273D2E85F1ABA86B33063490446065FB88144B3C0270728E6DF8C2B80E421A63881FF61328F7DA118AE9B19F5755D78EE5B31E1B1BD8E967F92FBE66007DABF2FC1186DE0F3D313773AEE684869D22CEFEC53EC990D7991B363DDFAF98350A92029E2EF6C9F23073D021CC99325CFC0F31531274E32E527594F6771FC9306D9D0DDC6AD2D1CC592CC4A925C1D3B
20050701010321 2 6 400 2047 2 E7B23B03912A26C3B075625F542E3BFB015B73F3F0C5A5C95948EA4BE326220E57780C27C6F1318AF960D8B0C9FBE641B6728770C86D7532C8E5EBA1493F96A054EA85EC92DAFCF8C41F0C474C9C7D008EE21B6CF74722E1D0765768787213E937A6C996A490CD5FDFB2B4F2AADAED0721AAE273D2E85F1ABA86B33063490446065FB88144B3C0270728E6DF8C2B80E421A63881FF61328F7DA118AE9B19F5755D78EE5B31E1B1BD8E967F92FBE66007DABF2FC1186DE0F3D313773AEE684869D22CEFEC53EC990D7991B363DDFAF98350A92029E2EF6C9F23073D021CC99325CFC0F31531274E32E527594F6771FC9306D9D0DDC6AD2D1CC592CC4A927A4AB3
20050701010551 2 6 400 2047 5 E7B23B03912A26C3B075625F542E3BFB015B73F3F0C5A5C95948EA4BE326220E57780C27C6F1318AF960D8B0C9FBE641B6728770C86D7532C8E5EBA1493F96A054EA85EC92DAFCF8C41F0C474C9C7D008EE21B6CF74722E1D0765768787213E937A6C996A490CD5FDFB2B4F2AADAED0721AAE273D2E85F1ABA86B33063490446065FB88144B3C0270728E6DF8C2B80E421A63881FF61328F7DA118AE9B19F5755D78EE5B31E1B1BD8E967F92FBE66007DABF2FC1186DE0F3D313773AEE684869D22CEFEC53EC990D7991B363DDFAF98350A92029E2EF6C9F23073D021CC99325CFC0F31531274E32E527594F6771FC9306D9D0DDC6AD2D1CC592CC4A92984AEF
20050701010714 2 6 400 2047 2 E7B23B03912A26C3B075625F542E3BFB015B73F3F0C5A5C95948EA4BE326220E57780C27C6F1318AF960D8B0C9FBE641B6728770C86D7532C8E5EBA1493F96A054EA85EC92DAFCF8C41F0C474C9C7D008EE21B6CF74722E1D0765768787213E937A6C996A490CD5FDFB2B4F2AADAED0721AAE273D2E85F1ABA86B33063490446065FB88144B3C0270728E6DF8C2B80E421A63881FF61328F7DA118AE9B19F5755D78EE5B31E1B1BD8E967F92FBE66007DABF2FC1186DE0F3D313773AEE684869D22CEFEC53EC990D7991B363DDFAF98350A92029E2EF6C9F23073D021CC99325CFC0F31531274E32E527594F6771FC9306D9D0DDC6AD2D1CC592CC4A929A8903
20050701011329 2 6 400 2047 2 E7B23B03912A26C3B075625F542E3BFB015B73F3F0C5A5C95948EA4BE326220E57780C27C6F1318AF960D8B0C9FBE641B6728770C86D7532C8E5EBA1493F96A054EA85EC92DAFCF8C41F0C474C9C7D008EE21B6CF74722E1D0765768787213E937A6C996A490CD5FDFB2B4F2AADAED0721AAE273D2E85F1ABA86B33063490446065FB88144B3C0270728E6DF8C2B80E421A63881FF61328F7DA118AE9B19F5755D78EE5B31E1B1BD8E967F92FBE66007DABF2FC1186DE0F3D313773AEE684869D22CEFEC53EC990D7991B363DDFAF98350A92029E2EF6C9F23073D021CC99325CFC0F31531274E32E527594F6771FC9306D9D0DDC6AD2D1CC592CC4A9316F3EB
20050701012128 2 6 400 2047 2 E7B23B03912A26C3B075625F542E3BFB015B73F3F0C5A5C95948EA4BE326220E57780C27C6F1318AF960D8B0C9FBE641B6728770C86D7532C8E5EBA1493F96A054EA85EC92DAFCF8C41F0C474C9C7D008EE21B6CF74722E1D0765768787213E937A6C996A490CD5FDFB2B4F2AADAED0721AAE273D2E85F1ABA86B33063490446065FB88144B3C0270728E6DF8C2B80E421A63881FF61328F7DA118AE9B19F5755D78EE5B31E1B1BD8E967F92FBE66007DABF2FC1186DE0F3D313773AEE684869D22CEFEC53EC990D7991B363DDFAF98350A92029E2EF6C9F23073D021CC99325CFC0F31531274E32E527594F6771FC9306D9D0DDC6AD2D1CC592CC4A93B6790B
20050701012757 2 6 400 2047 2 E7B23B03912A26C3B075625F542E3BFB015B73F3F0C5A5C95948EA4BE326220E57780C27C6F1318AF960D8B0C9FBE641B6728770C86D7532C8E5EBA1493F96A054EA85EC92DAFCF8C41F0C474C9C7D008EE21B6CF74722E1D0765768787213E937A6C996A490CD5FDFB2B4F2AADAED0721AAE273D2E85F1ABA86B33063490446065FB88144B3C0270728E6DF8C2B80E421A63881FF61328F7DA118AE9B19F5755D78EE5B31E1B1BD8E967F92FBE66007DABF2FC1186DE0F3D313773AEE684869D22CEFEC53EC990D7991B363DDFAF98350A92029E2EF6C9F23073D021CC99325CFC0F31531274E32E527594F6771FC9306D9D0DDC6AD2D1CC592CC4A9437BF2B
20050701013146 2 6 400 2047 2 E7B23B03912A26C3B075625F542E3BFB015B73F3F0C5A5C95948EA4BE326220E57780C27C6F1318AF960D8B0C9FBE641B6728770C86D7532C8E5EBA1493F96A054EA85EC92DAFCF8C41F0C474C9C7D008EE21B6CF74722E1D0765768787213E937A6C996A490CD5FDFB2B4F2AADAED0721AAE273D2E85F1ABA86B33063490446065FB88144B3C0270728E6DF8C2B80E421A63881FF61328F7DA118AE9B19F5755D78EE5B31E1B1BD8E967F92FBE66007DABF2FC1186DE0F3D313773AEE684869D22CEFEC53EC990D7991B363DDFAF98350A92029E2EF6C9F23073D021CC99325CFC0F31531274E32E527594F6771FC9306D9D0DDC6AD2D1CC592CC4A9478AB2B
20050701013912 2 6 400 2047 2 E7B23B03912A26C3B075625F542E3BFB015B73F3F0C5A5C95948EA4BE326220E57780C27C6F1318AF960D8B0C9FBE641B6728770C86D7532C8E5EBA1493F96A054EA85EC92DAFCF8C41F0C474C9C7D008EE21B6CF74722E1D0765768787213E937A6C996A490CD5FDFB2B4F2AADAED0721AAE273D2E85F1ABA86B33063490446065FB88144B3C0270728E6DF8C2B80E421A63881FF61328F7DA118AE9B19F5755D78EE5B31E1B1BD8E967F92FBE66007DABF2FC1186DE0F3D313773AEE684869D22CEFEC53EC990D7991B363DDFAF98350A92029E2EF6C9F23073D021CC99325CFC0F31531274E32E527594F6771FC9306D9D0DDC6AD2D1CC592CC4A9517242B
20050701014222 2 6 400 2047 2 E7B23B03912A26C3B075625F542E3BFB015B73F3F0C5A5C95948EA4BE326220E57780C27C6F1318AF960D8B0C9FBE641B6728770C86D7532C8E5EBA1493F96A054EA85EC92DAFCF8C41F0C474C9C7D008EE21B6CF74722E1D0765768787213E937A6C996A490CD5FDFB2B4F2AADAED0721AAE273D2E85F1ABA86B33063490446065FB88144B3C0270728E6DF8C2B80E421A63881FF61328F7DA118AE9B19F5755D78EE5B31E1B1BD8E967F92FBE66007DABF2FC1186DE0F3D313773AEE684869D22CEFEC53EC990D7991B363DDFAF98350A92029E2EF6C9F23073D021CC99325CFC0F31531274E32E527594F6771FC9306D9D0DDC6AD2D1CC592CC4A9546825B
20050701014420 2 6 400 2047 2 E7B23B03912A26C3B075625F542E3BFB015B73F3F0C5A5C95948EA4BE326220E57780C27C6F1318AF960D8B0C9FBE641B6728770C86D7532C8E5EBA1493F96A054EA85EC92DAFCF8C41F0C474C9C7D008EE21B6CF74722E1D0765768787213E937A6C996A490CD5FDFB2B4F2AADAED0721AAE273D2E85F1ABA86B33063490446065FB88144B3C0270728E6DF8C2B80E421A63881FF61328F7DA118AE9B19F5755D78EE5B31E1B1BD8E967F92FBE66007DABF2FC1186DE0F3D313773AEE684869D22CEFEC53EC990D7991B363DDFAF98350A92029E2EF6C9F23073D021CC99325CFC0F31531274E32E527594F6771FC9306D9D0DDC6AD2D1CC592CC4A9556FFEB
20050701015048 2 6 400 2047 2 E7B23B03912A26C3B075625F542E3BFB015B73F3F0C5A5C95948EA4BE326220E57780C27C6F1318AF960D8B0C9FBE641B6728770C86D7532C8E5EBA1493F96A054EA85EC92DAFCF8C41F0C474C9C7D008EE21B6CF74722E1D0765768787213E937A6C996A490CD5FDFB2B4F2AADAED0721AAE273D2E85F1ABA86B33063490446065FB88144B3C0270728E6DF8C2B80E421A63881FF61328F7DA118AE9B19F5755D78EE5B31E1B1BD8E967F92FBE66007DABF2FC1186DE0F3D313773AEE684869D22CEFEC53EC990D7991B363DDFAF98350A92029E2EF6C9F23073D021CC99325CFC0F31531274E32E527594F6771FC9306D9D0DDC6AD2D1CC592CC4A95DDC02B
20050701015228 2 6 400 2047 5 E7B23B03912A26C3B075625F542E3BFB015B73F3F0C5A5C95948EA4BE326220E57780C27C6F1318AF960D8B0C9FBE641B6728770C86D7532C8E5EBA1493F96A054EA85EC92DAFCF8C41F0C474C9C7D008EE21B6CF74722E1D0765768787213E937A6C996A490CD5FDFB2B4F2AADAED0721AAE273D2E85F1ABA86B33063490446065FB88144B3C0270728E6DF8C2B80E421A63881FF61328F7DA118AE9B19F5755D78EE5B31E1B1BD8E967F92FBE66007DABF2FC1186DE0F3D313773AEE684869D22CEFEC53EC990D7991B363DDFAF98350A92029E2EF6C9F23073D021CC99325CFC0F31531274E32E527594F6771FC9306D9D0DDC6AD2D1CC592CC4A95E6BEE7
20050701015601 2 6 400 2047 2 E7B23B03912A26C3B075625F542E3BFB015B73F3F0C5A5C95948EA4BE326220E57780C27C6F1318AF960D8B0C9FBE641B6728770C86D7532C8E5EBA1493F96A054EA85EC92DAFCF8C41F0C474C9C7D008EE21B6CF74722E1D0765768787213E937A6C996A490CD5FDFB2B4F2AADAED0721AAE273D2E85F1ABA86B33063490446065FB88144B3C0270728E6DF8C2B80E421A63881FF61328F7DA118AE9B19F5755D78EE5B31E1B1BD8E967F92FBE66007DABF2FC1186DE0F3D313773AEE684869D22CEFEC53EC990D7991B363DDFAF98350A92029E2EF6C9F23073D021CC99325CFC0F31531274E32E527594F6771FC9306D9D0DDC6AD2D1CC592CC4A96211A1B
20050701015743 2 6 400 2047 2 E7B23B03912A26C3B075625F542E3BFB015B73F3F0C5A5C95948EA4BE326220E57780C27C6F1318AF960D8B0C9FBE641B6728770C86D7532C8E5EBA1493F96A054EA85EC92DAFCF8C41F0C474C9C7D008EE21B6CF74722E1D0765768787213E937A6C996A490CD5FDFB2B4F2AADAED0721AAE273D2E85F1ABA86B33063490446065FB88144B3C0270728E6DF8C2B80E421A63881FF61328F7DA118AE9B19F5755D78EE5B31E1B1BD8E967F92FBE66007DABF2FC1186DE0F3D313773AEE684869D22CEFEC53EC990D7991B363DDFAF98350A92029E2EF6C9F23073D021CC99325CFC0F31531274E32E527594F6771FC9306D9D0DDC6AD2D1CC592CC4A962A9C53
20050701020139 2 6 400 2047 2 E7B23B03912A26C3B075625F542E3BFB015B73F3F0C5A5C95948EA4BE326220E57780C27C6F1318AF960D8B0C9FBE641B6728770C86D7532C8E5EBA1493F96A054EA85EC92DAFCF8C41F0C474C9C7D008EE21B6CF74722E1D0765768787213E937A6C996A490CD5FDFB2B4F2AADAED0721AAE273D2E85F1ABA86B33063490446065FB88144B3C0270728E6DF8C2B80E421A63881FF61328F7DA118AE9B19F5755D78EE5B31E1B1BD8E967F92FBE66007DABF2FC1186DE0F3D313773AEE684869D22CEFEC53EC990D7991B363DDFAF98350A92029E2EF6C9F23073D021CC99325CFC0F31531274E32E527594F6771FC9306D9D0DDC6AD2D1CC592CC4A966B69F3
20050701020354 2 6 400 2047 2 E7B23B03912A26C3B075625F542E3BFB015B73F3F0C5A5C95948EA4BE326220E57780C27C6F1318AF960D8B0C9FBE641B6728770C86D7532C8E5EBA1493F96A054EA85EC92DAFCF8C41F0C474C9C7D008EE21B6CF74722E1D0765768787213E937A6C996A490CD5FDFB2B4F2AADAED0721AAE273D2E85F1ABA86B33063490446065FB88144B3C0270728E6DF8C2B80E421A63881FF61328F7DA118AE9B19F5755D78EE5B31E1B1BD8E967F92FBE66007DABF2FC1186DE0F3D313773AEE684869D22CEFEC53EC990D7991B363DDFAF98350A92029E2EF6C9F23073D021CC99325CFC0F31531274E32E527594F6771FC9306D9D0DDC6AD2D1CC592CC4A96837BAB
20050701021049 2 6 400 2047 5 E7B23B03912A26C3B075625F542E3BFB015B73F3F0C5A5C95948EA4BE326220E57780C27C6F1318AF960D8B0C9FBE641B6728770C86D7532C8E5EBA1493F96A054EA85EC92DAFCF8C41F0C474C9C7D008EE21B6CF74722E1D0765768787213E937A6C996A490CD5FDFB2B4F2AADAED0721AAE273D2E85F1ABA86B33063490446065FB88144B3C0270728E6DF8C2B80E421A63881FF61328F7DA118AE9B19F5755D78EE5B31E1B1BD8E967F92FBE66007DABF2FC1186DE0F3D313773AEE684869D22CEFEC53EC990D7991B363DDFAF98350A92029E2EF6C9F23073D021CC99325CFC0F31531274E32E527594F6771FC9306D9D0DDC6AD2D1CC592CC4A97102277
20050701021233 2 6 400 2047 2 E7B23B03912A26C3B075625F542E3BFB015B73F3F0C5A5C95948EA4BE326220E57780C27C6F1318AF960D8B0C9FBE641B6728770C86D7532C8E5EBA1493F96A054EA85EC92DAFCF8C41F0C474C9C7D008EE21B6CF74722E1D0765768787213E937A6C996A490CD5FDFB2B4F2AADAED0721AAE273D2E85F1ABA86B33063490446065FB88144B3C0270728E6DF8C2B80E421A63881FF61328F7DA118AE9B19F5755D78EE5B31E1B1BD8E967F92FBE66007DABF2FC1186DE0F3D313773AEE684869D22CEFEC53EC990D7991B363DDFAF98350A92029E2EF6C9F23073D021CC99325CFC0F31531274E32E527594F6771FC9306D9D0DDC6AD2D1CC592CC4A971A4793
20050701021431 2 6 400 2047 2 E7B23B03912A26C3B075625F542E3BFB015B73F3F0C5A5C95948EA4BE326220E57780C27C6F1318AF960D8B0C9FBE641B6728770C86D7532C8E5EBA1493F96A054EA85EC92DAFCF8C41F0C474C9C7D008EE21B6CF74722E1D0765768787213E937A6C996A490CD5FDFB2B4F2AADAED0721AAE273D2E85F1ABA86B33063490446065FB88144B3C0270728E6DF8C2B80E421A63881FF61328F7DA118AE9B19F5755D78EE5B31E1B1BD8E967F92FBE66007DABF2FC1186DE0F3D313773AEE684869D22CEFEC53EC990D7991B363DDFAF98350A92029E2EF6C9F23073D021CC99325CFC0F31531274E32E527594F6771FC9306D9D0DDC6AD2D1CC592CC4A972D26CB
20050701021716 2 6 400 2047 2 E7B23B03912A26C3B075625F542E3BFB015B73F3F0C5A5C95948EA4BE326220E57780C27C6F1318AF960D8B0C9FBE641B6728770C86D7532C8E5EBA1493F96A054EA85EC92DAFCF8C41F0C474C9C7D008EE21B6CF74722E1D0765768787213E937A6C996A490CD5FDFB2B4F2AADAED0721AAE273D2E85F1ABA86B33063490446065FB88144B3C0270728E6DF8C2B80E421A63881FF61328F7DA118AE9B19F5755D78EE5B31E1B1BD8E967F92FBE66007DABF2FC1186DE0F3D313773AEE684869D22CEFEC53EC990D7991B363DDFAF98350A92029E2EF6C9F23073D021CC99325CFC0F31531274E32E527594F6771FC9306D9D0DDC6AD2D1CC592CC4A9751602B
20050701022041 2 6 400 2047 2 E7B23B03912A26C3B075625F542E3BFB015B73F3F0C5A5C95948EA4BE326220E57780C27C6F1318AF960D8B0C9FBE641B6728770C86D7532C8E5EBA1493F96A054EA85EC92DAFCF8C41F0C474C9C7D008EE21B6CF74722E1D0765768787213E937A6C996A490CD5FDFB2B4F2AADAED0721AAE273D2E85F1ABA86B33063490446065FB88144B3C0270728E6DF8C2B80E421A63881FF61328F7DA118AE9B19F5755D78EE5B31E1B1BD8E967F92FBE66007DABF2FC1186DE0F3D313773AEE684869D22CEFEC53EC990D7991B363DDFAF98350A92029E2EF6C9F23073D021CC99325CFC0F31531274E32E527594F6771FC9306D9D0DDC6AD2D1CC592CC4A978817EB
20050701022727 2 6 400 2047 2 E7B23B03912A26C3B075625F542E3BFB015B73F3F0C5A5C95948EA4BE326220E57780C27C6F1318AF960D8B0C9FBE641B6728770C86D7532C8E5EBA1493F96A054EA85EC92DAFCF8C41F0C474C9C7D008EE21B6CF74722E1D0765768787213E937A6C996A490CD5FDFB2B4F2AADAED0721AAE273D2E85F1ABA86B33063490446065FB88144B3C0270728E6DF8C2B80E421A63881FF61328F7DA118AE9B19F5755D78EE5B31E1B1BD8E967F92FBE66007DABF2FC1186DE0F3D313773AEE684869D22CEFEC53EC990D7991B363DDFAF98350A92029E2EF6C9F23073D021CC99325CFC0F31531274E32E527594F6771FC9306D9D0DDC6AD2D1CC592CC4A9812C13B
20050701023020 2 6 400 2047 2 E7B23B03912A26C3B075625F542E3BFB015B73F3F0C5A5C95948EA4BE326220E57780C27C6F1318AF960D8B0C9FBE641B6728770C86D7532C8E5EBA1493F96A054EA85EC92DAFCF8C41F0C474C9C7D008EE21B6CF74722E1D0765768787213E937A6C996A490CD5FDFB2B4F2AADAED0721AAE273D2E85F1ABA86B33063490446065FB88144B3C0270728E6DF8C2B80E421A63881FF61328F7DA118AE9B19F5755D78EE5B31E1B1BD8E967F92FBE66007DABF2FC1186DE0F3D313773AEE684869D22CEFEC53EC990D7991B363DDFAF98350A92029E2EF6C9F23073D021CC99325CFC0F31531274E32E527594F6771FC9306D9D0DDC6AD2D1CC592CC4A983B6643
20050701023236 2 6 400 2047 5 E7B23B03912A26C3B075625F542E3BFB015B73F3F0C5A5C95948EA4BE326220E57780C27C6F1318AF960D8B0C9FBE641B6728770C86D7532C8E5EBA1493F96A054EA85EC92DAFCF8C41F0C474C9C7D008EE21B6CF74722E1D0765768787213E937A6C996A490CD5FDFB2B4F2AADAED0721AAE273D2E85F1ABA86B33063490446065FB88144B3C0270728E6DF8C2B80E421A63881FF61328F7DA118AE9B19F5755D78EE5B31E1B1BD8E967F92FBE66007DABF2FC1186DE0F3D313773AEE684869D22CEFEC53EC990D7991B363DDFAF98350A92029E2EF6C9F23073D021CC99325CFC0F31531274E32E527594F6771FC9306D9D0DDC6AD2D1CC592CC4A9853D1BF
20050701023730 2 6 400 2047 5 E7B23B03912A26C3B075625F542E3BFB015B73F3F0C5A5C95948EA4BE326220E57780C27C6F1318AF960D8B0C9FBE641B6728770C86D7532C8E5EBA1493F96A054EA85EC92DAFCF8C41F0C474C9C7D008EE21B6CF74722E1D0765768787213E937A6C996A490CD5FDFB2B4F2AADAED0721AAE273D2E85F1ABA86B33063490446065FB88144B3C0270728E6DF8C2B80E421A63881FF61328F7DA118AE9B19F5755D78EE5B31E1B1BD8E967F92FBE66007DABF2FC1186DE0F3D313773AEE684869D22CEFEC53EC990D7991B363DDFAF98350A92029E2EF6C9F23073D021CC99325CFC0F31531274E32E527594F6771FC9306D9D0DDC6AD2D1CC592CC4A98B28D5F
20050701024235 2 6 400 2047 2 E7B23B03912A26C3B075625F542E3BFB015B73F3F0C5A5C95948EA4BE326220E57780C27C6F1318AF960D8B0C9FBE641B6728770C86D7532C8E5EBA1493F96A054EA85EC92DAFCF8C41F0C474C9C7D008EE21B6CF74722E1D0765768787213E937A6C996A490CD5FDFB2B4F2AADAED0721AAE273D2E85F1ABA86B33063490446065FB88144B3C0270728E6DF8C2B80E421A63881FF61328F7DA118AE9B19F5755D78EE5B31E1B1BD8E967F92FBE66007DABF2FC1186DE0F3D313773AEE684869D22CEFEC53EC990D7991B363DDFAF98350A92029E2EF6C9F23073D021CC99325CFC0F31531274E32E527594F6771FC9306D9D0DDC6AD2D1CC592CC4A9914DE4B
20050701024538 2 6 400 2047 2 E7B23B03912A26C3B075625F542E3BFB015B73F3F0C5A5C95948EA4BE326220E57780C27C6F1318AF960D8B0C9FBE641B6728770C86D7532C8E5EBA1493F96A054EA85EC92DAFCF8C41F0C474C9C7D008EE21B6CF74722E1D0765768787213E937A6C996A490CD5FDFB2B4F2AADAED0721AAE273D2E85F1ABA86B33063490446065FB88144B3C0270728E6DF8C2B80E421A63881FF61328F7DA118AE9B19F5755D78EE5B31E1B1BD8E967F92FBE66007DABF2FC1186DE0F3D313773AEE684869D22CEFEC53EC990D7991B363DDFAF98350A92029E2EF6C9F23073D021CC99325CFC0F31531274E32E527594F6771FC9306D9D0DDC6AD2D1CC592CC4A9941B11B
20050701024824 2 6 400 2047 5 E7B23B03912A26C3B075625F542E3BFB015B73F3F0C5A5C95948EA4BE326220E57780C27C6F1318AF960D8B0C9FBE641B6728770C86D7532C8E5EBA1493F96A054EA85EC92DAFCF8C41F0C474C9C7D008EE21B6CF74722E1D0765768787213E937A6C996A490CD5FDFB2B4F2AADAED0721AAE273D2E85F1ABA86B33063490446065FB88144B3C0270728E6DF8C2B80E421A63881FF61328F7DA118AE9B19F5755D78EE5B31E1B1BD8E967F92FBE66007DABF2FC1186DE0F3D313773AEE684869D22CEFEC53EC990D7991B363DDFAF98350A92029E2EF6C9F23073D021CC99325CFC0F31531274E32E527594F6771FC9306D9D0DDC6AD2D1CC592CC4A9967BBB7
20050701025553 2 6 400 2047 2 E7B23B03912A26C3B075625F542E3BFB015B73F3F0C5A5C95948EA4BE326220E57780C27C6F1318AF960D8B0C9FBE641B6728770C86D7532C8E5EBA1493F96A054EA85EC92DAFCF8C41F0C474C9C7D008EE21B6CF74722E1D0765768787213E937A6C996A490CD5FDFB2B4F2AADAED0721AAE273D2E85F1ABA86B33063490446065FB88144B3C0270728E6DF8C2B80E421A63881FF61328F7DA118AE9B19F5755D78EE5B31E1B1BD8E967F92FBE66007DABF2FC1186DE0F3D313773AEE684869D22CEFEC53EC990D7991B363DDFAF98350A92029E2EF6C9F23073D021CC99325CFC0F31531274E32E527594F6771FC9306D9D0DDC6AD2D1CC592CC4A9A04F76B
20050701030018 2 6 400 2047 5 E7B23B03912A26C3B075625F542E3BFB015B73F3F0C5A5C95948EA4BE326220E57780C27C6F1318AF960D8B0C9FBE641B6728770C86D7532C8E5EBA1493F96A054EA85EC92DAFCF8C41F0C474C9C7D008EE21B6CF74722E1D0765768787213E937A6C996A490CD5FDFB2B4F2AADAED0721AAE273D2E85F1ABA86B33063490446065FB88144B3C0270728E6DF8C2B80E421A63881FF61328F7DA118AE9B19F5755D78EE5B31E1B1BD8E967F92FBE66007DABF2FC1186DE0F3D313773AEE684869D22CEFEC53EC990D7991B363DDFAF98350A92029E2EF6C9F23073D021CC99325CFC0F31531274E32E527594F6771FC9306D9D0DDC6AD2D1CC592CC4A9A56AB77
20050701030240 2 6 400 2047 5 E7B23B03912A26C3B075625F542E3BFB015B73F3F0C5A5C95948EA4BE326220E57780C27C6F1318AF960D8B0C9FBE641B6728770C86D7532C8E5EBA1493F96A054EA85EC92DAFCF8C41F0C474C9C7D008EE21B6CF74722E1D0765768787213E937A6C996A490CD5FDFB2B4F2AADAED0721AAE273D2E85F1ABA86B33063490446065FB88144B3C0270728E6DF8C2B80E421A63881FF61328F7DA118AE9B19F5755D78EE5B31E1B1BD8E967F92FBE66007DABF2FC1186DE0F3D313773AEE684869D22CEFEC53EC990D7991B363DDFAF98350A92029E2EF6C9F23073D021CC99325CFC0F31531274E32E527594F6771FC9306D9D0DDC6AD2D1CC592CC4A9A71C047
20050701031645 2 6 400 2047 5 E7B23B03912A26C3B075625F542E3BFB015B73F3F0C5A5C95948EA4BE326220E57780C27C6F1318AF960D8B0C9FBE641B6728770C86D7532C8E5EBA1493F96A054EA85EC92DAFCF8C41F0C474C9C7D008EE21B6CF74722E1D0765768787213E937A6C996A490CD5FDFB2B4F2AADAED0721AAE273D2E85F1ABA86B33063490446065FB88144B3C0270728E6DF8C2B80E421A63881FF61328F7DA118AE9B19F5755D78EE5B31E1B1BD8E967F92FBE66007DABF2FC1186DE0F3D313773AEE684869D22CEFEC53EC990D7991B363DDFAF98350A92029E2EF6C9F23073D021CC99325CFC0F31531274E32E527594F6771FC9306D9D0DDC6AD2D1CC592CC4A9BC10467
20050701032205 2 6 400 2047 2 E7B23B03912A26C3B075625F542E3BFB015B73F3F0C5A5C95948EA4BE326220E57780C27C6F1318AF960D8B0C9FBE641B6728770C86D7532C8E5EBA1493F96A054EA85EC92DAFCF8C41F0C474C9C7D008EE21B6CF74722E1D0765768787213E937A6C996A490CD5FDFB2B4F2AADAED0721AAE273D2E85F1ABA86B33063490446065FB88144B3C0270728E6DF8C2B80E421A63881FF61328F7DA118AE9B19F5755D78EE5B31E1B1BD8E967F92FBE66007DABF2FC1186DE0F3D313773AEE684869D22CEFEC53EC990D7991B363DDFAF98350A92029E2EF6C9F23073D021CC99325CFC0F31531274E32E527594F6771FC9306D9D0DDC6AD2D1CC592CC4A9C27252B
20050701032523 2 6 400 2047 5 E7B23B03912A26C3B075625F542E3BFB015B73F3F0C5A5C95948EA4BE326220E57780C27C6F1318AF960D8B0C9FBE641B6728770C86D7532C8E5EBA1493F96A054EA85EC92DAFCF8C41F0C474C9C7D008EE21B6CF74722E1D0765768787213E937A6C996A490CD5FDFB2B4F2AADAED0721AAE273D2E85F1ABA86B33063490446065FB88144B3C0270728E6DF8C2B80E421A63881FF61328F7DA118AE9B19F5755D78EE5B31E1B1BD8E967F92FBE66007DABF2FC1186DE0F3D313773AEE684869D22CEFEC53EC990D7991B363DDFAF98350A92029E2EF6C9F23073D021CC99325CFC0F31531274E32E527594F6771FC9306D9D0DDC6AD2D1CC592CC4A9C5B95D7
20050701032642 2 6 400 2047 2 E7B23B03912A26C3B075625F542E3BFB015B73F3F0C5A5C95948EA4BE326220E57780C27C6F1318AF960D8B0C9FBE641B6728770C86D7532C8E5EBA1493F96A054EA85EC92DAFCF8C41F0C474C9C7D008EE21B6CF74722E1D0765768787213E937A6C996A490CD5FDFB2B4F2AADAED0721AAE273D2E85F1ABA86B33063490446065FB88144B3C0270728E6DF8C2B80E421A63881FF61328F7DA118AE9B19F5755D78EE5B31E1B1BD8E967F92FBE66007DABF2FC1186DE0F3D313773AEE684869D22CEFEC53EC990D7991B363DDFAF98350A92029E2EF6C9F23073D021CC99325CFC0F31531274E32E527594F6771FC9306D9D0DDC6AD2D1CC592CC4A9C5B9C2B
20050701032845 2 6 400 2047 2 E7B23B03912A26C3B075625F542E3BFB015B73F3F0C5A5C95948EA4BE326220E57780C27C6F1318AF960D8B0C9FBE641B6728770C86D7532C8E5EBA1493F96A054EA85EC92DAFCF8C41F0C474C9C7D008EE21B6CF74722E1D0765768787213E937A6C996A490CD5FDFB2B4F2AADAED0721AAE273D2E85F1ABA86B33063490446065FB88144B3C0270728E6DF8C2B80E421A63881FF61328F7DA118AE9B19F5755D78EE5B31E1B1BD8E967F92FBE66007DABF2FC1186DE0F3D313773AEE684869D22CEFEC53EC990D7991B363DDFAF98350A92029E2EF6C9F23073D021CC99325CFC0F31531274E32E527594F6771FC9306D9D0DDC6AD2D1CC592CC4A9C6FA1DB
20050701033041 2 6 400 2047 2 E7B23B03912A26C3B075625F542E3BFB015B73F3F0C5A5C95948EA4BE326220E57780C27C6F1318AF960D8B0C9FBE641B6728770C86D7532C8E5EBA1493F96A054EA85EC92DAFCF8C41F0C474C9C7D008EE21B6CF74722E1D0765768787213E937A6C996A490CD5FDFB2B4F2AADAED0721AAE273D2E85F1ABA86B33063490446065FB88144B3C0270728E6DF8C2B80E421A63881FF61328F7DA118AE9B19F5755D78EE5B31E1B1BD8E967F92FBE66007DABF2FC1186DE0F3D313773AEE684869D22CEFEC53EC990D7991B363DDFAF98350A92029E2EF6C9F23073D021CC99325CFC0F31531274E32E527594F6771FC9306D9D0DDC6AD2D1CC592CC4A9C7E7D03
20050701033311 2 6 400 2047 5 E7B23B03912A26C3B075625F542E3BFB015B73F3F0C5A5C95948EA4BE326220E57780C27C6F1318AF960D8B0C9FBE641B6728770C86D7532C8E5EBA1493F96A054EA85EC92DAFCF8C41F0C474C9C7D008EE21B6CF74722E1D0765768787213E937A6C996A490CD5FDFB2B4F2AADAED0721AAE273D2E85F1ABA86B33063490446065FB88144B3C0270728E6DF8C2B80E421A63881FF61328F7DA118AE9B19F5755D78EE5B31E1B1BD8E967F92FBE66007DABF2FC1186DE0F3D313773AEE684869D22CEFEC53EC990D7991B363DDFAF98350A92029E2EF6C9F23073D021CC99325CFC0F31531274E32E527594F6771FC9306D9D0DDC6AD2D1CC592CC4A9C9C81D7
20050701033503 2 6 400 2047 5 E7B23B03912A26C3B075625F542E3BFB015B73F3F0C5A5C95948EA4BE326220E57780C27C6F1318AF960D8B0C9FBE641B6728770C86D7532C8E5EBA1493F96A054EA85EC92DAFCF8C41F0C474C9C7D008EE21B6CF74722E1D0765768787213E937A6C996A490CD5FDFB2B4F2AADAED0721AAE273D2E85F1ABA86B33063490446065FB88144B3C0270728E6DF8C2B80E421A63881FF61328F7DA118AE9B19F5755D78EE5B31E1B1BD8E967F92FBE66007DABF2FC1186DE0F3D313773AEE684869D22CEFEC53EC990D7991B363DDFAF98350A92029E2EF6C9F23073D021CC99325CFC0F31531274E32E527594F6771FC9306D9D0DDC6AD2D1CC592CC4A9CA9BE0F
20050701034321 2 6 400 2047 2 E7B23B03912A26C3B075625F542E3BFB015B73F3F0C5A5C95948EA4BE326220E57780C27C6F1318AF960D8B0C9FBE641B6728770C86D7532C8E5EBA1493F96A054EA85EC92DAFCF8C41F0C474C9C7D008EE21B6CF74722E1D0765768787213E937A6C996A490CD5FDFB2B4F2AADAED0721AAE273D2E85F1ABA86B33063490446065FB88144B3C0270728E6DF8C2B80E421A63881FF61328F7DA118AE9B19F5755D78EE5B31E1B1BD8E967F92FBE66007DABF2FC1186DE0F3D313773AEE684869D22CEFEC53EC990D7991B363DDFAF98350A92029E2EF6C9F23073D021CC99325CFC0F31531274E32E527594F6771FC9306D9D0DDC6AD2D1CC592CC4A9D5D30A3
20050701034632 2 6 400 2047 2 E7B23B03912A26C3B075625F542E3BFB015B73F3F0C5A5C95948EA4BE326220E57780C27C6F1318AF960D8B0C9FBE641B6728770C86D7532C8E5EBA1493F96A054EA85EC92DAFCF8C41F0C474C9C7D008EE21B6CF74722E1D0765768787213E937A6C996A490CD5FDFB2B4F2AADAED0721AAE273D2E85F1ABA86B33063490446065FB88144B3C0270728E6DF8C2B80E421A63881FF61328F7DA118AE9B19F5755D78EE5B31E1B1BD8E967F92FBE66007DABF2FC1186DE0F3D313773AEE684869D22CEFEC53EC990D7991B363DDFAF98350A92029E2EF6C9F23073D021CC99325CFC0F31531274E32E527594F6771FC9306D9D0DDC6AD2D1CC592CC4A9D8C8EBB
20050701035006 2 6 400 2047 5 E7B23B03912A26C3B075625F542E3BFB015B73F3F0C5A5C95948EA4BE326220E57780C27C6F1318AF960D8B0C9FBE641B6728770C86D7532C8E5EBA1493F96A054EA85EC92DAFCF8C41F0C474C9C7D008EE21B6CF74722E1D0765768787213E937A6C996A490CD5FDFB2B4F2AADAED0721AAE273D2E85F1ABA86B33063490446065FB88144B3C0270728E6DF8C2B80E421A63881FF61328F7DA118AE9B19F5755D78EE5B31E1B1BD8E967F92FBE66007DABF2FC1186DE0F3D313773AEE684869D22CEFEC53EC990D7991B363DDFAF98350A92029E2EF6C9F23073D021CC99325CFC0F31531274E32E527594F6771FC9306D9D0DDC6AD2D1CC592CC4A9DC5692F
20050701035427 2 6 400 2047 5 E7B23B03912A26C3B075625F542E3BFB015B73F3F0C5A5C95948EA4BE326220E57780C27C6F1318AF960D8B0C9FBE641B6728770C86D7532C8E5EBA1493F96A054EA85EC92DAFCF8C41F0C474C9C7D008EE21B6CF74722E1D0765768787213E937A6C996A490CD5FDFB2B4F2AADAED0721AAE273D2E85F1ABA86B33063490446065FB88144B3C0270728E6DF8C2B80E421A63881FF61328F7DA118AE9B19F5755D78EE5B31E1B1BD8E967F92FBE66007DABF2FC1186DE0F3D313773AEE684869D22CEFEC53EC990D7991B363DDFAF98350A92029E2EF6C9F23073D021CC99325CFC0F31531274E32E527594F6771FC9306D9D0DDC6AD2D1CC592CC4A9E1402D7
20050701035609 2 6 400 2047 2 E7B23B03912A26C3B075625F542E3BFB015B73F3F0C5A5C95948EA4BE326220E57780C27C6F1318AF960D8B0C9FBE641B6728770C86D7532C8E5EBA1493F96A054EA85EC92DAFCF8C41F0C474C9C7D008EE21B6CF74722E1D0765768787213E937A6C996A490CD5FDFB2B4F2AADAED0721AAE273D2E85F1ABA86B33063490446065FB88144B3C0270728E6DF8C2B80E421A63881FF61328F7DA118AE9B19F5755D78EE5B31E1B1BD8E967F92FBE66007DABF2FC1186DE0F3D313773AEE684869D22CEFEC53EC990D7991B363DDFAF98350A92029E2EF6C9F23073D021CC99325CFC0F31531274E32E527594F6771FC9306D9D0DDC6AD2D1CC592CC4A9E1E76FB
20050701035824 2 6 400 2047 2 E7B23B03912A26C3B075625F542E3BFB015B73F3F0C5A5C95948EA4BE326220E57780C27C6F1318AF960D8B0C9FBE641B6728770C86D7532C8E5EBA1493F96A054EA85EC92DAFCF8C41F0C474C9C7D008EE21B6CF74722E1D0765768787213E937A6C996A490CD5FDFB2B4F2AADAED0721AAE273D2E85F1ABA86B33063490446065FB88144B3C0270728E6DF8C2B80E421A63881FF61328F7DA118AE9B19F5755D78EE5B31E1B1BD8E967F92FBE66007DABF2FC1186DE0F3D313773AEE684869D22CEFEC53EC990D7991B363DDFAF98350A92029E2EF6C9F23073D021CC99325CFC0F31531274E32E527594F6771FC9306D9D0DDC6AD2D1CC592CC4A9E34FBAB
20050701040047 2 6 400 2047 5 E7B23B03912A26C3B075625F542E3BFB015B73F3F0C5A5C95948EA4BE326220E57780C27C6F1318AF960D8B0C9FBE641B6728770C86D7532C8E5EBA1493F96A054EA85EC92DAFCF8C41F0C474C9C7D008EE21B6CF74722E1D0765768787213E937A6C996A490CD5FDFB2B4F2AADAED0721AAE273D2E85F1ABA86B33063490446065FB88144B3C0270728E6DF8C2B80E421A63881FF61328F7DA118AE9B19F5755D78EE5B31E1B1BD8E967F92FBE66007DABF2FC1186DE0F3D313773AEE684869D22CEFEC53EC990D7991B363DDFAF98350A92029E2EF6C9F23073D021CC99325CFC0F31531274E32E527594F6771FC9306D9D0DDC6AD2D1CC592CC4A9E5243C7
20050701040223 2 6 400 2047 2 E7B23B03912A26C3B075625F542E3BFB015B73F3F0C5A5C95948EA4BE326220E57780C27C6F1318AF960D8B0C9FBE641B6728770C86D7532C8E5EBA1493F96A054EA85EC92DAFCF8C41F0C474C9C7D008EE21B6CF74722E1D0765768787213E937A6C996A490CD5FDFB2B4F2AADAED0721AAE273D2E85F1ABA86B33063490446065FB88144B3C0270728E6DF8C2B80E421A63881FF61328F7DA118AE9B19F5755D78EE5B31E1B1BD8E967F92FBE66007DABF2FC1186DE0F3D313773AEE684869D22CEFEC53EC990D7991B363DDFAF98350A92029E2EF6C9F23073D021CC99325CFC0F31531274E32E527594F6771FC9306D9D0DDC6AD2D1CC592CC4A9E596193
20050701040505 2 6 400 2047 5 E7B23B03912A26C3B075625F542E3BFB015B73F3F0C5A5C95948EA4BE326220E57780C27C6F1318AF960D8B0C9FBE641B6728770C86D7532C8E5EBA1493F96A054EA85EC92DAFCF8C41F0C474C9C7D008EE21B6CF74722E1D0765768787213E937A6C996A490CD5FDFB2B4F2AADAED0721AAE273D2E85F1ABA86B33063490446065FB88144B3C0270728E6DF8C2B80E421A63881FF61328F7DA118AE9B19F5755D78EE5B31E1B1BD8E967F92FBE66007DABF2FC1186DE0F3D313773AEE684869D22CEFEC53EC990D7991B363DDFAF98350A92029E2EF6C9F23073D021CC99325CFC0F31531274E32E527594F6771FC9306D9D0DDC6AD2D1CC592CC4A9E7BB7E7
20050701040829 2 6 400 2047 5 E7B23B03912A26C3B075625F542E3BFB015B73F3F0C5A5C95948EA4BE326220E57780C27C6F1318AF960D8B0C9FBE641B6728770C86D7532C8E5EBA1493F96A054EA85EC92DAFCF8C41F0C474C9C7D008EE21B6CF74722E1D0765768787213E937A6C996A490CD5FDFB2B4F2AADAED0721AAE273D2E85F1ABA86B33063490446065FB88144B3C0270728E6DF8C2B80E421A63881FF61328F7DA118AE9B19F5755D78EE5B31E1B1BD8E967F92FBE66007DABF2FC1186DE0F3D313773AEE684869D22CEFEC53EC990D7991B363DDFAF98350A92029E2EF6C9F23073D021CC99325CFC0F31531274E32E527594F6771FC9306D9D0DDC6AD2D1CC592CC4A9EB0FD9F
20050701041945 2 6 400 2047 2 E7B23B03912A26C3B075625F542E3BFB015B73F3F0C5A5C95948EA4BE326220E57780C27C6F1318AF960D8B0C9FBE641B6728770C86D7532C8E5EBA1493F96A054EA85EC92DAFCF8C41F0C474C9C7D008EE21B6CF74722E1D0765768787213E937A6C996A490CD5FDFB2B4F2AADAED0721AAE273D2E85F1ABA86B33063490446065FB88144B3C0270728E6DF8C2B80E421A63881FF61328F7DA118AE9B19F5755D78EE5B31E1B1BD8E967F92FBE66007DABF2FC1186DE0F3D313773AEE684869D22CEFEC53EC990D7991B363DDFAF98350A92029E2EF6C9F23073D021CC99325CFC0F31531274E32E527594F6771FC9306D9D0DDC6AD2D1CC592CC4A9FB0673B
20050701042146 2 6 400 2047 5 E7B23B03912A26C3B075625F542E3BFB015B73F3F0C5A5C95948EA4BE326220E57780C27C6F1318AF960D8B0C9FBE641B6728770C86D7532C8E5EBA1493F96A054EA85EC92DAFCF8C41F0C474C9C7D008EE21B6CF74722E1D0765768787213E937A6C996A490CD5FDFB2B4F2AADAED0721AAE273D2E85F1ABA86B33063490446065FB88144B3C0270728E6DF8C2B80E421A63881FF61328F7DA118AE9B19F5755D78EE5B31E1B1BD8E967F92FBE66007DABF2FC1186DE0F3D313773AEE684869D22CEFEC53EC990D7991B363DDFAF98350A92029E2EF6C9F23073D021CC99325CFC0F31531274E32E527594F6771FC9306D9D0DDC6AD2D1CC592CC4A9FC08ABF
20050701042518 2 6 400 2047 5 E7B23B03912A26C3B075625F542E3BFB015B73F3F0C5A5C95948EA4BE326220E57780C27C6F1318AF960D8B0C9FBE641B6728770C86D7532C8E5EBA1493F96A054EA85EC92DAFCF8C41F0C474C9C7D008EE21B6CF74722E1D0765768787213E937A6C996A490CD5FDFB2B4F2AADAED0721AAE273D2E85F1ABA86B33063490446065FB88144B3C0270728E6DF8C2B80E421A63881FF61328F7DA118AE9B19F5755D78EE5B31E1B1BD8E967F92FBE66007DABF2FC1186DE0F3D313773AEE684869D22CEFEC53EC990D7991B363DDFAF98350A92029E2EF6C9F23073D021CC99325CFC0F31531274E32E527594F6771FC9306D9D0DDC6AD2D1CC592CC4A9FFBA677
20050701042948 2 6 400 2047 2 E7B23B03912A26C3B075625F542E3BFB015B73F3F0C5A5C95948EA4BE326220E57780C27C6F1318AF960D8B0C9FBE641B6728770C86D7532C8E5EBA1493F96A054EA85EC92DAFCF8C41F0C474C9C7D008EE21B6CF74722E1D0765768787213E937A6C996A490CD5FDFB2B4F2AADAED0721AAE273D2E85F1ABA86B33063490446065FB88144B3C0270728E6DF8C2B80E421A63881FF61328F7DA118AE9B19F5755D78EE5B31E1B1BD8E967F92FBE66007DABF2FC1186DE0F3D313773AEE684869D22CEFEC53EC990D7991B363DDFAF98350A92029E2EF6C9F23073D021CC99325CFC0F31531274E32E527594F6771FC9306D9D0DDC6AD2D1CC592CC4AA04A88EB
20050701043120 2 6 400 2047 5 E7B23B03912A26C3B075625F542E3BFB015B73F3F0C5A5C95948EA4BE326220E57780C27C6F1318AF960D8B0C9FBE641B6728770C86D7532C8E5EBA1493F96A054EA85EC92DAFCF8C41F0C474C9C7D008EE21B6CF74722E1D0765768787213E937A6C996A490CD5FDFB2B4F2AADAED0721AAE273D2E85F1ABA86B33063490446065FB88144B3C0270728E6DF8C2B80E421A63881FF61328F7DA118AE9B19F5755D78EE5B31E1B1BD8E967F92FBE66007DABF2FC1186DE0F3D313773AEE684869D22CEFEC53EC990D7991B363DDFAF98350A92029E2EF6C9F23073D021CC99325CFC0F31531274E32E527594F6771FC9306D9D0DDC6AD2D1CC592CC4AA0502A77
20050701043313 2 6 400 2047 2 E7B23B03912A26C3B075625F542E3BFB015B73F3F0C5A5C95948EA4BE326220E57780C27C6F1318AF960D8B0C9FBE641B6728770C86D7532C8E5EBA1493F96A054EA85EC92DAFCF8C41F0C474C9C7D008EE21B6CF74722E1D0765768787213E937A6C996A490CD5FDFB2B4F2AADAED0721AAE273D2E85F1ABA86B33063490446065FB88144B3C0270728E6DF8C2B80E421A63881FF61328F7DA118AE9B19F5755D78EE5B31E1B1BD8E967F92FBE66007DABF2FC1186DE0F3D313773AEE684869D22CEFEC53EC990D7991B363DDFAF98350A92029E2EF6C9F23073D021CC99325CFC0F31531274E32E527594F6771FC9306D9D0DDC6AD2D1CC592CC4AA05E8EB3
20050701043928 2 6 400 2047 2 E7B23B03912A26C3B075625F542E3BFB015B73F3F0C5A5C95948EA4BE326220E57780C27C6F1318AF960D8B0C9FBE641B6728770C86D7532C8E5EBA1493F96A054EA85EC92DAFCF8C41F0C474C9C7D008EE21B6CF74722E1D0765768787213E937A6C996A490CD5FDFB2B4F2AADAED0721AAE273D2E85F1ABA86B33063490446065FB88144B3C0270728E6DF8C2B80E421A63881FF61328F7DA118AE9B19F5755D78EE5B31E1B1BD8E967F92FBE66007DABF2FC1186DE0F3D313773AEE684869D22CEFEC53EC990D7991B363DDFAF98350A92029E2EF6C9F23073D021CC99325CFC0F31531274E32E527594F6771FC9306D9D0DDC6AD2D1CC592CC4AA0DE5B1B
20050701044111 2 6 400 2047 5 E7B23B03912A26C3B075625F542E3BFB015B73F3F0C5A5C95948EA4BE326220E57780C27C6F1318AF960D8B0C9FBE641B6728770C86D7532C8E5EBA1493F96A054EA85EC92DAFCF8C41F0C474C9C7D008EE21B6CF74722E1D0765768787213E937A6C996A490CD5FDFB2B4F2AADAED0721AAE273D2E85F1ABA86B33063490446065FB88144B3C0270728E6DF8C2B80E421A63881FF61328F7DA118AE9B19F5755D78EE5B31E1B1BD8E967F92FBE66007DABF2FC1186DE0F3D313773AEE684869D22CEFEC53EC990D7991B363DDFAF98350A92029E2EF6C9F23073D021CC99325CFC0F31531274E32E527594F6771FC9306D9D0DDC6AD2D1CC592CC4AA0E939D7
20050701044420 2 6 400 2047 2 E7B23B03912A26C3B075625F542E3BFB015B73F3F0C5A5C95948EA4BE326220E57780C27C6F1318AF960D8B0C9FBE641B6728770C86D7532C8E5EBA1493F96A054EA85EC92DAFCF8C41F0C474C9C7D008EE21B6CF74722E1D0765768787213E937A6C996A490CD5FDFB2B4F2AADAED0721AAE273D2E85F1ABA86B33063490446065FB88144B3C0270728E6DF8C2B80E421A63881FF61328F7DA118AE9B19F5755D78EE5B31E1B1BD8E967F92FBE66007DABF2FC1186DE0F3D313773AEE684869D22CEFEC53EC990D7991B363DDFAF98350A92029E2EF6C9F23073D021CC99325CFC0F31531274E32E527594F6771FC9306D9D0DDC6AD2D1CC592CC4AA115D083
20050701044733 2 6 400 2047 5 E7B23B03912A26C3B075625F542E3BFB015B73F3F0C5A5C95948EA4BE326220E57780C27C6F1318AF960D8B0C9FBE641B6728770C86D7532C8E5EBA1493F96A054EA85EC92DAFCF8C41F0C474C9C7D008EE21B6CF74722E1D0765768787213E937A6C996A490CD5FDFB2B4F2AADAED0721AAE273D2E85F1ABA86B33063490446065FB88144B3C0270728E6DF8C2B80E421A63881FF61328F7DA118AE9B19F5755D78EE5B31E1B1BD8E967F92FBE66007DABF2FC1186DE0F3D313773AEE684869D22CEFEC53EC990D7991B363DDFAF98350A92029E2EF6C9F23073D021CC99325CFC0F31531274E32E527594F6771FC9306D9D0DDC6AD2D1CC592CC4AA1477507
20050701044904 2 6 400 2047 5 E7B23B03912A26C3B075625F542E3BFB015B73F3F0C5A5C95948EA4BE326220E57780C27C6F1318AF960D8B0C9FBE641B6728770C86D7532C8E5EBA1493F96A054EA85EC92DAFCF8C41F0C474C9C7D008EE21B6CF74722E1D0765768787213E937A6C996A490CD5FDFB2B4F2AADAED0721AAE273D2E85F1ABA86B33063490446065FB88144B3C0270728E6DF8C2B80E421A63881FF61328F7DA118AE9B19F5755D78EE5B31E1B1BD8E967F92FBE66007DABF2FC1186DE0F3D313773AEE684869D22CEFEC53EC990D7991B363DDFAF98350A92029E2EF6C9F23073D021CC99325CFC0F31531274E32E527594F6771FC9306D9D0DDC6AD2D1CC592CC4AA14C8F0F
20050701045348 2 6 400 2047 2 E7B23B03912A26C3B075625F542E3BFB015B73F3F0C5A5C95948EA4BE326220E57780C27C6F1318AF960D8B0C9FBE641B6728770C86D7532C8E5EBA1493F96A054EA85EC92DAFCF8C41F0C474C9C7D008EE21B6CF74722E1D0765768787213E937A6C996A490CD5FDFB2B4F2AADAED0721AAE273D2E85F1ABA86B33063490446065FB88144B3C0270728E6DF8C2B80E421A63881FF61328F7DA118AE9B19F5755D78EE5B31E1B1BD8E967F92FBE66007DABF2FC1186DE0F3D313773AEE684869D22CEFEC53EC990D7991B363DDFAF98350A92029E2EF6C9F23073D021CC99325CFC0F31531274E32E527594F6771FC9306D9D0DDC6AD2D1CC592CC4AA1A3D98B
20050701045703 2 6 400 2047 2 E7B23B03912A26C3B075625F542E3BFB015B73F3F0C5A5C95948EA4BE326220E57780C27C6F1318AF960D8B0C9FBE641B6728770C86D7532C8E5EBA1493F96A054EA85EC92DAFCF8C41F0C474C9C7D008EE21B6CF74722E1D0765768787213E937A6C996A490CD5FDFB2B4F2AADAED0721AAE273D2E85F1ABA86B33063490446065FB88144B3C0270728E6DF8C2B80E421A63881FF61328F7DA118AE9B19F5755D78EE5B31E1B1BD8E967F92FBE66007DABF2FC1186DE0F3D313773AEE684869D22CEFEC53EC990D7991B363DDFAF98350A92029E2EF6C9F23073D021CC99325CFC0F31531274E32E527594F6771FC9306D9D0DDC6AD2D1CC592CC4AA1D6E3F3
20050701050229 2 6 400 2047 5 E7B23B03912A26C3B075625F542E3BFB015B73F3F0C5A5C95948EA4BE326220E57780C27C6F1318AF960D8B0C9FBE641B6728770C86D7532C8E5EBA1493F96A054EA85EC92DAFCF8C41F0C474C9C7D008EE21B6CF74722E1D0765768787213E937A6C996A490CD5FDFB2B4F2AADAED0721AAE273D2E85F1ABA86B33063490446065FB88144B3C0270728E6DF8C2B80E421A63881FF61328F7DA118AE9B19F5755D78EE5B31E1B1BD8E967F92FBE66007DABF2FC1186DE0F3D313773AEE684869D22CEFEC53EC990D7991B363DDFAF98350A92029E2EF6C9F23073D021CC99325CFC0F31531274E32E527594F6771FC9306D9D0DDC6AD2D1CC592CC4AA23F974F
20050701050356 2 6 400 2047 2 E7B23B03912A26C3B075625F542E3BFB015B73F3F0C5A5C95948EA4BE326220E57780C27C6F1318AF960D8B0C9FBE641B6728770C86D7532C8E5EBA1493F96A054EA85EC92DAFCF8C41F0C474C9C7D008EE21B6CF74722E1D0765768787213E937A6C996A490CD5FDFB2B4F2AADAED0721AAE273D2E85F1ABA86B33063490446065FB88144B3C0270728E6DF8C2B80E421A63881FF61328F7DA118AE9B19F5755D78EE5B31E1B1BD8E967F92FBE66007DABF2FC1186DE0F3D313773AEE684869D22CEFEC53EC990D7991B363DDFAF98350A92029E2EF6C9F23073D021CC99325CFC0F31531274E32E527594F6771FC9306D9D0DDC6AD2D1CC592CC4AA24259F3
20050701050613 2 6 400 2047 2 E7B23B03912A26C3B075625F542E3BFB015B73F3F0C5A5C95948EA4BE326220E57780C27C6F1318AF960D8B0C9FBE641B6728770C86D7532C8E5EBA1493F96A054EA85EC92DAFCF8C41F0C474C9C7D008EE21B6CF74722E1D0765768787213E937A6C996A490CD5FDFB2B4F2AADAED0721AAE273D2E85F1ABA86B33063490446065FB88144B3C0270728E6DF8C2B80E421A63881FF61328F7DA118AE9B19F5755D78EE5B31E1B1BD8E967F92FBE66007DABF2FC1186DE0F3D313773AEE684869D22CEFEC53EC990D7991B363DDFAF98350A92029E2EF6C9F23073D021CC99325CFC0F31531274E32E527594F6771FC9306D9D0DDC6AD2D1CC592CC4AA25D0D43
20050701050825 2 6 400 2047 5 E7B23B03912A26C3B075625F542E3BFB015B73F3F0C5A5C95948EA4BE326220E57780C27C6F1318AF960D8B0C9FBE641B6728770C86D7532C8E5EBA1493F96A054EA85EC92DAFCF8C41F0C474C9C7D008EE21B6CF74722E1D0765768787213E937A6C996A490CD5FDFB2B4F2AADAED0721AAE273D2E85F1ABA86B33063490446065FB88144B3C0270728E6DF8C2B80E421A63881FF61328F7DA118AE9B19F5755D78EE5B31E1B1BD8E967F92FBE66007DABF2FC1186DE0F3D313773AEE684869D22CEFEC53EC990D7991B363DDFAF98350A92029E2EF6C9F23073D021CC99325CFC0F31531274E32E527594F6771FC9306D9D0DDC6AD2D1CC592CC4AA2733547
20050701051635 2 6 400 2047 5 E7B23B03912A26C3B075625F542E3BFB015B73F3F0C5A5C95948EA4BE326220E57780C27C6F1318AF960D8B0C9FBE641B6728770C86D7532C8E5EBA1493F96A054EA85EC92DAFCF8C41F0C474C9C7D008EE21B6CF74722E1D0765768787213E937A6C996A490CD5FDFB2B4F2AADAED0721AAE273D2E85F1ABA86B33063490446065FB88144B3C0270728E6DF8C2B80E421A63881FF61328F7DA118AE9B19F5755D78EE5B31E1B1BD8E967F92FBE66007DABF2FC1186DE0F3D313773AEE684869D22CEFEC53EC990D7991B363DDFAF98350A92029E2EF6C9F23073D021CC99325CFC0F31531274E32E527594F6771FC9306D9D0DDC6AD2D1CC592CC4AA323D0AF
20050701051831 2 6 400 2047 2 E7B23B03912A26C3B075625F542E3BFB015B73F3F0C5A5C95948EA4BE326220E57780C27C6F1318AF960D8B0C9FBE641B6728770C86D7532C8E5EBA1493F96A054EA85EC92DAFCF8C41F0C474C9C7D008EE21B6CF74722E1D0765768787213E937A6C996A490CD5FDFB2B4F2AADAED0721AAE273D2E85F1ABA86B33063490446065FB88144B3C0270728E6DF8C2B80E421A63881FF61328F7DA118AE9B19F5755D78EE5B31E1B1BD8E967F92FBE66007DABF2FC1186DE0F3D313773AEE684869D22CEFEC53EC990D7991B363DDFAF98350A92029E2EF6C9F23073D021CC99325CFC0F31531274E32E527594F6771FC9306D9D0DDC6AD2D1CC592CC4AA333FD4B
20050701052122 2 6 400 2047 5 E7B23B03912A26C3B075625F542E3BFB015B73F3F0C5A5C95948EA4BE326220E57780C27C6F1318AF960D8B0C9FBE641B6728770C86D7532C8E5EBA1493F96A054EA85EC92DAFCF8C41F0C474C9C7D008EE21B6CF74722E1D0765768787213E937A6C996A490CD5FDFB2B4F2AADAED0721AAE273D2E85F1ABA86B33063490446065FB88144B3C0270728E6DF8C2B80E421A63881FF61328F7DA118AE9B19F5755D78EE5B31E1B1BD8E967F92FBE66007DABF2FC1186DE0F3D313773AEE684869D22CEFEC53EC990D7991B363DDFAF98350A92029E2EF6C9F23073D021CC99325CFC0F31531274E32E527594F6771FC9306D9D0DDC6AD2D1CC592CC4AA35A0ACF
20050701052412 2 6 400 2047 5 E7B23B03912A26C3B075625F542E3BFB015B73F3F0C5A5C95948EA4BE326220E57780C27C6F1318AF960D8B0C9FBE641B6728770C86D7532C8E5EBA1493F96A054EA85EC92DAFCF8C41F0C474C9C7D008EE21B6CF74722E1D0765768787213E937A6C996A490CD5FDFB2B4F2AADAED0721AAE273D2E85F1ABA86B33063490446065FB88144B3C0270728E6DF8C2B80E421A63881FF61328F7DA118AE9B19F5755D78EE5B31E1B1BD8E967F92FBE66007DABF2FC1186DE0F3D313773AEE684869D22CEFEC53EC990D7991B363DDFAF98350A92029E2EF6C9F23073D021CC99325CFC0F31531274E32E527594F6771FC9306D9D0DDC6AD2D1CC592CC4AA381BBCF
20050701052710 2 6 400 2047 2 E7B23B03912A26C3B075625F542E3BFB015B73F3F0C5A5C95948EA4BE326220E57780C27C6F1318AF960D8B0C9FBE641B6728770C86D7532C8E5EBA1493F96A054EA85EC92DAFCF8C41F0C474C9C7D008EE21B6CF74722E1D0765768787213E937A6C996A490CD5FDFB2B4F2AADAED0721AAE273D2E85F1ABA86B33063490446065FB88144B3C0270728E6DF8C2B80E421A63881FF61328F7DA118AE9B19F5755D78EE5B31E1B1BD8E967F92FBE66007DABF2FC1186DE0F3D313773AEE684869D22CEFEC53EC990D7991B363DDFAF98350A92029E2EF6C9F23073D021CC99325CFC0F31531274E32E527594F6771FC9306D9D0DDC6AD2D1CC592CC4AA3AAF323
20050701053233 2 6 400 2047 2 E7B23B03912A26C3B075625F542E3BFB015B73F3F0C5A5C95948EA4BE326220E57780C27C6F1318AF960D8B0C9FBE641B6728770C86D7532C8E5EBA1493F96A054EA85EC92DAFCF8C41F0C474C9C7D008EE21B6CF74722E1D0765768787213E937A6C996A490CD5FDFB2B4F2AADAED0721AAE273D2E85F1ABA86B33063490446065FB88144B3C0270728E6DF8C2B80E421A63881FF61328F7DA118AE9B19F5755D78EE5B31E1B1BD8E967F92FBE66007DABF2FC1186DE0F3D313773AEE684869D22CEFEC53EC990D7991B363DDFAF98350A92029E2EF6C9F23073D021CC99325CFC0F31531274E32E527594F6771FC9306D9D0DDC6AD2D1CC592CC4AA41522FB
20050701053522 2 6 400 2047 5 E7B23B03912A26C3B075625F542E3BFB015B73F3F0C5A5C95948EA4BE326220E57780C27C6F1318AF960D8B0C9FBE641B6728770C86D7532C8E5EBA1493F96A054EA85EC92DAFCF8C41F0C474C9C7D008EE21B6CF74722E1D0765768787213E937A6C996A490CD5FDFB2B4F2AADAED0721AAE273D2E85F1ABA86B33063490446065FB88144B3C0270728E6DF8C2B80E421A63881FF61328F7DA118AE9B19F5755D78EE5B31E1B1BD8E967F92FBE66007DABF2FC1186DE0F3D313773AEE684869D22CEFEC53EC990D7991B363DDFAF98350A92029E2EF6C9F23073D021CC99325CFC0F31531274E32E527594F6771FC9306D9D0DDC6AD2D1CC592CC4AA43BB47F
20050701054734 2 6 400 2047 5 E7B23B03912A26C3B075625F542E3BFB015B73F3F0C5A5C95948EA4BE326220E57780C27C6F1318AF960D8B0C9FBE641B6728770C86D7532C8E5EBA1493F96A054EA85EC92DAFCF8C41F0C474C9C7D008EE21B6CF74722E1D0765768787213E937A6C996A490CD5FDFB2B4F2AADAED0721AAE273D2E85F1ABA86B33063490446065FB88144B3C0270728E6DF8C2B80E421A63881FF61328F7DA118AE9B19F5755D78EE5B31E1B1BD8E967F92FBE66007DABF2FC1186DE0F3D313773AEE684869D22CEFEC53EC990D7991B363DDFAF98350A92029E2EF6C9F23073D021CC99325CFC0F31531274E32E527594F6771FC9306D9D0DDC6AD2D1CC592CC4AA54E7187
20050701055013 2 6 400 2047 5 E7B23B03912A26C3B075625F542E3BFB015B73F3F0C5A5C95948EA4BE326220E57780C27C6F1318AF960D8B0C9FBE641B6728770C86D7532C8E5EBA1493F96A054EA85EC92DAFCF8C41F0C474C9C7D008EE21B6CF74722E1D0765768787213E937A6C996A490CD5FDFB2B4F2AADAED0721AAE273D2E85F1ABA86B33063490446065FB88144B3C0270728E6DF8C2B80E421A63881FF61328F7DA118AE9B19F5755D78EE5B31E1B1BD8E967F92FBE66007DABF2FC1186DE0F3D313773AEE684869D22CEFEC53EC990D7991B363DDFAF98350A92029E2EF6C9F23073D021CC99325CFC0F31531274E32E527594F6771FC9306D9D0DDC6AD2D1CC592CC4AA5716D17
20050701055536 2 6 400 2047 5 E7B23B03912A26C3B075625F542E3BFB015B73F3F0C5A5C95948EA4BE326220E57780C27C6F1318AF960D8B0C9FBE641B6728770C86D7532C8E5EBA1493F96A054EA85EC92DAFCF8C41F0C474C9C7D008EE21B6CF74722E1D0765768787213E937A6C996A490CD5FDFB2B4F2AADAED0721AAE273D2E85F1ABA86B33063490446065FB88144B3C0270728E6DF8C2B80E421A63881FF61328F7DA118AE9B19F5755D78EE5B31E1B1BD8E967F92FBE66007DABF2FC1186DE0F3D313773AEE684869D22CEFEC53EC990D7991B363DDFAF98350A92029E2EF6C9F23073D021CC99325CFC0F31531274E32E527594F6771FC9306D9D0DDC6AD2D1CC592CC4AA5D94447
20050701055953 2 6 400 2047 2 E7B23B03912A26C3B075625F542E3BFB015B73F3F0C5A5C95948EA4BE326220E57780C27C6F1318AF960D8B0C9FBE641B6728770C86D7532C8E5EBA1493F96A054EA85EC92DAFCF8C41F0C474C9C7D008EE21B6CF74722E1D0765768787213E937A6C996A490CD5FDFB2B4F2AADAED0721AAE273D2E85F1ABA86B33063490446065FB88144B3C0270728E6DF8C2B80E421A63881FF61328F7DA118AE9B19F5755D78EE5B31E1B1BD8E967F92FBE66007DABF2FC1186DE0F3D313773AEE684869D22CEFEC53EC990D7991B363DDFAF98350A92029E2EF6C9F23073D021CC99325CFC0F31531274E32E527594F6771FC9306D9D0DDC6AD2D1CC592CC4AA6254C0B
20050701060241 2 6 400 2047 2 E7B23B03912A26C3B075625F542E3BFB015B73F3F0C5A5C95948EA4BE326220E57780C27C6F1318AF960D8B0C9FBE641B6728770C86D7532C8E5EBA1493F96A054EA85EC92DAFCF8C41F0C474C9C7D008EE21B6CF74722E1D0765768787213E937A6C996A490CD5FDFB2B4F2AADAED0721AAE273D2E85F1ABA86B33063490446065FB88144B3C0270728E6DF8C2B80E421A63881FF61328F7DA118AE9B19F5755D78EE5B31E1B1BD8E967F92FBE66007DABF2FC1186DE0F3D313773AEE684869D22CEFEC53EC990D7991B363DDFAF98350A92029E2EF6C9F23073D021CC99325CFC0F31531274E32E527594F6771FC9306D9D0DDC6AD2D1CC592CC4AA64C47A3
20050701060646 2 6 400 2047 2 E7B23B03912A26C3B075625F542E3BFB015B73F3F0C5A5C95948EA4BE326220E57780C27C6F1318AF960D8B0C9FBE641B6728770C86D7532C8E5EBA1493F96A054EA85EC92DAFCF8C41F0C474C9C7D008EE21B6CF74722E1D0765768787213E937A6C996A490CD5FDFB2B4F2AADAED0721AAE273D2E85F1ABA86B33063490446065FB88144B3C0270728E6DF8C2B80E421A63881FF61328F7DA118AE9B19F5755D78EE5B31E1B1BD8E967F92FBE66007DABF2FC1186DE0F3D313773AEE684869D22CEFEC53EC990D7991B363DDFAF98350A92029E2EF6C9F23073D021CC99325CFC0F31531274E32E527594F6771FC9306D9D0DDC6AD2D1CC592CC4AA690AA9B
20050701060840 2 6 400 2047 5 E7B23B03912A26C3B075625F542E3BFB015B73F3F0C5A5C95948EA4BE326220E57780C27C6F1318AF960D8B0C9FBE641B6728770C86D7532C8E5EBA1493F96A054EA85EC92DAFCF8C41F0C474C9C7D008EE21B6CF74722E1D0765768787213E937A6C996A490CD5FDFB2B4F2AADAED0721AAE273D2E85F1ABA86B33063490446065FB88144B3C0270728E6DF8C2B80E421A63881FF61328F7DA118AE9B19F5755D78EE5B31E1B1BD8E967F92FBE66007DABF2FC1186DE0F3D313773AEE684869D22CEFEC53EC990D7991B363DDFAF98350A92029E2EF6C9F23073D021CC99325CFC0F31531274E32E527594F6771FC9306D9D0DDC6AD2D1CC592CC4AA6A05A9F
20050701061400 2 6 400 2047 2 E7B23B03912A26C3B075625F542E3BFB015B73F3F0C5A5C95948EA4BE326220E57780C27C6F1318AF960D8B0C9FBE641B6728770C86D7532C8E5EBA1493F96A054EA85EC92DAFCF8C41F0C474C9C7D008EE21B6CF74722E1D0765768787213E937A6C996A490CD5FDFB2B4F2AADAED0721AAE273D2E85F1ABA86B33063490446065FB88144B3C0270728E6DF8C2B80E421A63881FF61328F7DA118AE9B19F5755D78EE5B31E1B1BD8E967F92FBE66007DABF2FC1186DE0F3D313773AEE684869D22CEFEC53EC990D7991B363DDFAF98350A92029E2EF6C9F23073D021CC99325CFC0F31531274E32E527594F6771FC9306D9D0DDC6AD2D1CC592CC4AA70522AB
20050701061923 2 6 400 2047 5 E7B23B03912A26C3B075625F542E3BFB015B73F3F0C5A5C95948EA4BE326220E57780C27C6F1318AF960D8B0C9FBE641B6728770C86D7532C8E5EBA1493F96A054EA85EC92DAFCF8C41F0C474C9C7D008EE21B6CF74722E1D0765768787213E937A6C996A490CD5FDFB2B4F2AADAED0721AAE273D2E85F1ABA86B33063490446065FB88144B3C0270728E6DF8C2B80E421A63881FF61328F7DA118AE9B19F5755D78EE5B31E1B1BD8E967F92FBE66007DABF2FC1186DE0F3D313773AEE684869D22CEFEC53EC990D7991B363DDFAF98350A92029E2EF6C9F23073D021CC99325CFC0F31531274E32E527594F6771FC9306D9D0DDC6AD2D1CC592CC4AA76CD26F
20050701062246 2 6 400 2047 5 E7B23B03912A26C3B075625F542E3BFB015B73F3F0C5A5C95948EA4BE326220E57780C27C6F1318AF960D8B0C9FBE641B6728770C86D7532C8E5EBA1493F96A054EA85EC92DAFCF8C41F0C474C9C7D008EE21B6CF74722E1D0765768787213E937A6C996A490CD5FDFB2B4F2AADAED0721AAE273D2E85F1ABA86B33063490446065FB88144B3C0270728E6DF8C2B80E421A63881FF61328F7DA118AE9B19F5755D78EE5B31E1B1BD8E967F92FBE66007DABF2FC1186DE0F3D313773AEE684869D22CEFEC53EC990D7991B363DDFAF98350A92029E2EF6C9F23073D021CC99325CFC0F31531274E32E527594F6771FC9306D9D0DDC6AD2D1CC592CC4AA7A30C77
20050701062528 2 6 400 2047 5 E7B23B03912A26C3B075625F542E3BFB015B73F3F0C5A5C95948EA4BE326220E57780C27C6F1318AF960D8B0C9FBE641B6728770C86D7532C8E5EBA1493F96A054EA85EC92DAFCF8C41F0C474C9C7D008EE21B6CF74722E1D0765768787213E937A6C996A490CD5FDFB2B4F2AADAED0721AAE273D2E85F1ABA86B33063490446065FB88144B3C0270728E6DF8C2B80E421A63881FF61328F7DA118AE9B19F5755D78EE5B31E1B1BD8E967F92FBE66007DABF2FC1186DE0F3D313773AEE684869D22CEFEC53EC990D7991B363DDFAF98350A92029E2EF6C9F23073D021CC99325CFC0F31531274E32E527594F6771FC9306D9D0DDC6AD2D1CC592CC4AA7C83637
20050701062700 2 6 400 2047 2 E7B23B03912A26C3B075625F542E3BFB015B73F3F0C5A5C95948EA4BE326220E57780C27C6F1318AF960D8B0C9FBE641B6728770C86D7532C8E5EBA1493F96A054EA85EC92DAFCF8C41F0C474C9C7D008EE21B6CF74722E1D0765768787213E937A6C996A490CD5FDFB2B4F2AADAED0721AAE273D2E85F1ABA86B33063490446065FB88144B3C0270728E6DF8C2B80E421A63881FF61328F7DA118AE9B19F5755D78EE5B31E1B1BD8E967F92FBE66007DABF2FC1186DE0F3D313773AEE684869D22CEFEC53EC990D7991B363DDFAF98350A92029E2EF6C9F23073D021CC99325CFC0F31531274E32E527594F6771FC9306D9D0DDC6AD2D1CC592CC4AA7CDEA3B
20050701062918 2 6 400 2047 5 E7B23B03912A26C3B075625F542E3BFB015B73F3F0C5A5C95948EA4BE326220E57780C27C6F1318AF960D8B0C9FBE641B6728770C86D7532C8E5EBA1493F96A054EA85EC92DAFCF8C41F0C474C9C7D008EE21B6CF74722E1D0765768787213E937A6C996A490CD5FDFB2B4F2AADAED0721AAE273D2E85F1ABA86B33063490446065FB88144B3C0270728E6DF8C2B80E421A63881FF61328F7DA118AE9B19F5755D78EE5B31E1B1BD8E967F92FBE66007DABF2FC1186DE0F3D313773AEE684869D22CEFEC53EC990D7991B363DDFAF98350A92029E2EF6C9F23073D021CC99325CFC0F31531274E32E527594F6771FC9306D9D0DDC6AD2D1CC592CC4AA7E8FDC7
20050701063724 2 6 400 2047 2 E7B23B03912A26C3B075625F542E3BFB015B73F3F0C5A5C95948EA4BE326220E57780C27C6F1318AF960D8B0C9FBE641B6728770C86D7532C8E5EBA1493F96A054EA85EC92DAFCF8C41F0C474C9C7D008EE21B6CF74722E1D0765768787213E937A6C996A490CD5FDFB2B4F2AADAED0721AAE273D2E85F1ABA86B33063490446065FB88144B3C0270728E6DF8C2B80E421A63881FF61328F7DA118AE9B19F5755D78EE5B31E1B1BD8E967F92FBE66007DABF2FC1186DE0F3D313773AEE684869D22CEFEC53EC990D7991B363DDFAF98350A92029E2EF6C9F23073D021CC99325CFC0F31531274E32E527594F6771FC9306D9D0DDC6AD2D1CC592CC4AA89813CB
20050701063916 2 6 400 2047 2 E7B23B03912A26C3B075625F542E3BFB015B73F3F0C5A5C95948EA4BE326220E57780C27C6F1318AF960D8B0C9FBE641B6728770C86D7532C8E5EBA1493F96A054EA85EC92DAFCF8C41F0C474C9C7D008EE21B6CF74722E1D0765768787213E937A6C996A490CD5FDFB2B4F2AADAED0721AAE273D2E85F1ABA86B33063490446065FB88144B3C0270728E6DF8C2B80E421A63881FF61328F7DA118AE9B19F5755D78EE5B31E1B1BD8E967F92FBE66007DABF2FC1186DE0F3D313773AEE684869D22CEFEC53EC990D7991B363DDFAF98350A92029E2EF6C9F23073D021CC99325CFC0F31531274E32E527594F6771FC9306D9D0DDC6AD2D1CC592CC4AA8A66F43
20050701064334 2 6 400 2047 5 E7B23B03912A26C3B075625F542E3BFB015B73F3F0C5A5C95948EA4BE326220E57780C27C6F1318AF960D8B0C9FBE641B6728770C86D7532C8E5EBA1493F96A054EA85EC92DAFCF8C41F0C474C9C7D008EE21B6CF74722E1D0765768787213E937A6C996A490CD5FDFB2B4F2AADAED0721AAE273D2E85F1ABA86B33063490446065FB88144B3C0270728E6DF8C2B80E421A63881FF61328F7DA118AE9B19F5755D78EE5B31E1B1BD8E967F92FBE66007DABF2FC1186DE0F3D313773AEE684869D22CEFEC53EC990D7991B363DDFAF98350A92029E2EF6C9F23073D021CC99325CFC0F31531274E32E527594F6771FC9306D9D0DDC6AD2D1CC592CC4AA8EF7FBF
20050701064710 2 6 400 2047 2 E7B23B03912A26C3B075625F542E3BFB015B73F3F0C5A5C95948EA4BE326220E57780C27C6F1318AF960D8B0C9FBE641B6728770C86D7532C8E5EBA1493F96A054EA85EC92DAFCF8C41F0C474C9C7D008EE21B6CF74722E1D0765768787213E937A6C996A490CD5FDFB2B4F2AADAED0721AAE273D2E85F1ABA86B33063490446065FB88144B3C0270728E6DF8C2B80E421A63881FF61328F7DA118AE9B19F5755D78EE5B31E1B1BD8E967F92FBE66007DABF2FC1186DE0F3D313773AEE684869D22CEFEC53EC990D7991B363DDFAF98350A92029E2EF6C9F23073D021CC99325CFC0F31531274E32E527594F6771FC9306D9D0DDC6AD2D1CC592CC4AA92A7D23
20050701065223 2 6 400 2047 5 E7B23B03912A26C3B075625F542E3BFB015B73F3F0C5A5C95948EA4BE326220E57780C27C6F1318AF960D8B0C9FBE641B6728770C86D7532C8E5EBA1493F96A054EA85EC92DAFCF8C41F0C474C9C7D008EE21B6CF74722E1D0765768787213E937A6C996A490CD5FDFB2B4F2AADAED0721AAE273D2E85F1ABA86B33063490446065FB88144B3C0270728E6DF8C2B80E421A63881FF61328F7DA118AE9B19F5755D78EE5B31E1B1BD8E967F92FBE66007DABF2FC1186DE0F3D313773AEE684869D22CEFEC53EC990D7991B363DDFAF98350A92029E2EF6C9F23073D021CC99325CFC0F31531274E32E527594F6771FC9306D9D0DDC6AD2D1CC592CC4AA98DE407
20050701065401 2 6 400 2047 5 E7B23B03912A26C3B075625F542E3BFB015B73F3F0C5A5C95948EA4BE326220E57780C27C6F1318AF960D8B0C9FBE641B6728770C86D7532C8E5EBA1493F96A054EA85EC92DAFCF8C41F0C474C9C7D008EE21B6CF74722E1D0765768787213E937A6C996A490CD5FDFB2B4F2AADAED0721AAE273D2E85F1ABA86B33063490446065FB88144B3C0270728E6DF8C2B80E421A63881FF61328F7DA118AE9B19F5755D78EE5B31E1B1BD8E967F92FBE66007DABF2FC1186DE0F3D313773AEE684869D22CEFEC53EC990D7991B363DDFAF98350A92029E2EF6C9F23073D021CC99325CFC0F31531274E32E527594F6771FC9306D9D0DDC6AD2D1CC592CC4AA9960C37
20050701070133 2 6 400 2047 2 E7B23B03912A26C3B075625F542E3BFB015B73F3F0C5A5C95948EA4BE326220E57780C27C6F1318AF960D8B0C9FBE641B6728770C86D7532C8E5EBA1493F96A054EA85EC92DAFCF8C41F0C474C9C7D008EE21B6CF74722E1D0765768787213E937A6C996A490CD5FDFB2B4F2AADAED0721AAE273D2E85F1ABA86B33063490446065FB88144B3C0270728E6DF8C2B80E421A63881FF61328F7DA118AE9B19F5755D78EE5B31E1B1BD8E967F92FBE66007DABF2FC1186DE0F3D313773AEE684869D22CEFEC53EC990D7991B363DDFAF98350A92029E2EF6C9F23073D021CC99325CFC0F31531274E32E527594F6771FC9306D9D0DDC6AD2D1CC592CC4AAA348FC3
20050701070308 2 6 400 2047 2 E7B23B03912A26C3B075625F542E3BFB015B73F3F0C5A5C95948EA4BE326220E57780C27C6F1318AF960D8B0C9FBE641B6728770C86D7532C8E5EBA1493F96A054EA85EC92DAFCF8C41F0C474C9C7D008EE21B6CF74722E1D0765768787213E937A6C996A490CD5FDFB2B4F2AADAED0721AAE273D2E85F1ABA86B33063490446065FB88144B3C0270728E6DF8C2B80E421A63881FF61328F7DA118AE9B19F5755D78EE5B31E1B1BD8E967F92FBE66007DABF2FC1186DE0F3D313773AEE684869D22CEFEC53EC990D7991B363DDFAF98350A92029E2EF6C9F23073D021CC99325CFC0F31531274E32E527594F6771FC9306D9D0DDC6AD2D1CC592CC4AAA3C2433
20050701070428 2 6 400 2047 5 E7B23B03912A26C3B075625F542E3BFB015B73F3F0C5A5C95948EA4BE326220E57780C27C6F1318AF960D8B0C9FBE641B6728770C86D7532C8E5EBA1493F96A054EA85EC92DAFCF8C41F0C474C9C7D008EE21B6CF74722E1D0765768787213E937A6C996A490CD5FDFB2B4F2AADAED0721AAE273D2E85F1ABA86B33063490446065FB88144B3C0270728E6DF8C2B80E421A63881FF61328F7DA118AE9B19F5755D78EE5B31E1B1BD8E967F92FBE66007DABF2FC1186DE0F3D313773AEE684869D22CEFEC53EC990D7991B363DDFAF98350A92029E2EF6C9F23073D021CC99325CFC0F31531274E32E527594F6771FC9306D9D0DDC6AD2D1CC592CC4AAA3C3D77
20050701070713 2 6 400 2047 2 E7B23B03912A26C3B075625F542E3BFB015B73F3F0C5A5C95948EA4BE326220E57780C27C6F1318AF960D8B0C9FBE641B6728770C86D7532C8E5EBA1493F96A054EA85EC92DAFCF8C41F0C474C9C7D008EE21B6CF74722E1D0765768787213E937A6C996A490CD5FDFB2B4F2AADAED0721AAE273D2E85F1ABA86B33063490446065FB88144B3C0270728E6DF8C2B80E421A63881FF61328F7DA118AE9B19F5755D78EE5B31E1B1BD8E967F92FBE66007DABF2FC1186DE0F3D313773AEE684869D22CEFEC53EC990D7991B363DDFAF98350A92029E2EF6C9F23073D021CC99325CFC0F31531274E32E527594F6771FC9306D9D0DDC6AD2D1CC592CC4AAA627F1B
20050701070909 2 6 400 2047 2 E7B23B03912A26C3B075625F542E3BFB015B73F3F0C5A5C95948EA4BE326220E57780C27C6F1318AF960D8B0C9FBE641B6728770C86D7532C8E5EBA1493F96A054EA85EC92DAFCF8C41F0C474C9C7D008EE21B6CF74722E1D0765768787213E937A6C996A490CD5FDFB2B4F2AADAED0721AAE273D2E85F1ABA86B33063490446065FB88144B3C0270728E6DF8C2B80E421A63881FF61328F7DA118AE9B19F5755D78EE5B31E1B1BD8E967F92FBE66007DABF2FC1186DE0F3D313773AEE684869D22CEFEC53EC990D7991B363DDFAF98350A92029E2EF6C9F23073D021CC99325CFC0F31531274E32E527594F6771FC9306D9D0DDC6AD2D1CC592CC4AAA71F463
20050701071155 2 6 400 2047 5 E7B23B03912A26C3B075625F542E3BFB015B73F3F0C5A5C95948EA4BE326220E57780C27C6F1318AF960D8B0C9FBE641B6728770C86D7532C8E5EBA1493F96A054EA85EC92DAFCF8C41F0C474C9C7D008EE21B6CF74722E1D0765768787213E937A6C996A490CD5FDFB2B4F2AADAED0721AAE273D2E85F1ABA86B33063490446065FB88144B3C0270728E6DF8C2B80E421A63881FF61328F7DA118AE9B19F5755D78EE5B31E1B1BD8E967F92FBE66007DABF2FC1186DE0F3D313773AEE684869D22CEFEC53EC990D7991B363DDFAF98350A92029E2EF6C9F23073D021CC99325CFC0F31531274E32E527594F6771FC9306D9D0DDC6AD2D1CC592CC4AAA94B6E7
20050701071347 2 6 400 2047 5 E7B23B03912A26C3B075625F542E3BFB015B73F3F0C5A5C95948EA4BE326220E57780C27C6F1318AF960D8B0C9FBE641B6728770C86D7532C8E5EBA1493F96A054EA85EC92DAFCF8C41F0C474C9C7D008EE21B6CF74722E1D0765768787213E937A6C996A490CD5FDFB2B4F2AADAED0721AAE273D2E85F1ABA86B33063490446065FB88144B3C0270728E6DF8C2B80E421A63881FF61328F7DA118AE9B19F5755D78EE5B31E1B1BD8E967F92FBE66007DABF2FC1186DE0F3D313773AEE684869D22CEFEC53EC990D7991B363DDFAF98350A92029E2EF6C9F23073D021CC99325CFC0F31531274E32E527594F6771FC9306D9D0DDC6AD2D1CC592CC4AAAA36C77
20050701071553 2 6 400 2047 5 E7B23B03912A26C3B075625F542E3BFB015B73F3F0C5A5C95948EA4BE326220E57780C27C6F1318AF960D8B0C9FBE641B6728770C86D7532C8E5EBA1493F96A054EA85EC92DAFCF8C41F0C474C9C7D008EE21B6CF74722E1D0765768787213E937A6C996A490CD5FDFB2B4F2AADAED0721AAE273D2E85F1ABA86B33063490446065FB88144B3C0270728E6DF8C2B80E421A63881FF61328F7DA118AE9B19F5755D78EE5B31E1B1BD8E967F92FBE66007DABF2FC1186DE0F3D313773AEE684869D22CEFEC53EC990D7991B363DDFAF98350A92029E2EF6C9F23073D021CC99325CFC0F31531274E32E527594F6771FC9306D9D0DDC6AD2D1CC592CC4AAAB848D7
20050701071957 2 6 400 2047 5 E7B23B03912A26C3B075625F542E3BFB015B73F3F0C5A5C95948EA4BE326220E57780C27C6F1318AF960D8B0C9FBE641B6728770C86D7532C8E5EBA1493F96A054EA85EC92DAFCF8C41F0C474C9C7D008EE21B6CF74722E1D0765768787213E937A6C996A490CD5FDFB2B4F2AADAED0721AAE273D2E85F1ABA86B33063490446065FB88144B3C0270728E6DF8C2B80E421A63881FF61328F7DA118AE9B19F5755D78EE5B31E1B1BD8E967F92FBE66007DABF2FC1186DE0F3D313773AEE684869D22CEFEC53EC990D7991B363DDFAF98350A92029E2EF6C9F23073D021CC99325CFC0F31531274E32E527594F6771FC9306D9D0DDC6AD2D1CC592CC4AAAFE835F
20050701072220 2 6 400 2047 2 E7B23B03912A26C3B075625F542E3BFB015B73F3F0C5A5C95948EA4BE326220E57780C27C6F1318AF960D8B0C9FBE641B6728770C86D7532C8E5EBA1493F96A054EA85EC92DAFCF8C41F0C474C9C7D008EE21B6CF74722E1D0765768787213E937A6C996A490CD5FDFB2B4F2AADAED0721AAE273D2E85F1ABA86B33063490446065FB88144B3C0270728E6DF8C2B80E421A63881FF61328F7DA118AE9B19F5755D78EE5B31E1B1BD8E967F92FBE66007DABF2FC1186DE0F3D313773AEE684869D22CEFEC53EC990D7991B363DDFAF98350A92029E2EF6C9F23073D021CC99325CFC0F31531274E32E527594F6771FC9306D9D0DDC6AD2D1CC592CC4AAB1817F3
